12051006  0  11  1.0000 0.0005  1.0000 0.0005
12051007  0  11  1.0000 0.0005  1.0000 0.0005
12051008  0  11  1.0000 0.0005  1.0000 0.0005
12051009  0  11  1.0000 0.0005  1.0000 0.0005
12051010  0  11  1.0000 0.0005  1.0000 0.0005
12051011  0  11  1.0000 0.0005  1.0000 0.0005
12051012  0  11  1.0000 0.0005  1.0000 0.0005
12051013  0  11  1.0000 0.0005  1.0000 0.0005
12051014  0  11  1.0000 0.0005  1.0000 0.0005
12051020  0  11  1.0000 0.0005  1.0000 0.0005
12051021  0  11  1.0000 0.0005  1.0000 0.0005
12051022  0  11  1.0000 0.0005  1.0000 0.0005
12051023  0  11  1.0000 0.0005  1.0000 0.0005
12051024  0  11  1.0000 0.0005  1.0000 0.0005
12051025  0  11  1.0000 0.0005  1.0000 0.0005
12051026  0  11  1.0000 0.0005  1.0000 0.0005
12051027  0  11  1.0000 0.0005  1.0000 0.0005
12051029  0  11  1.0000 0.0005  1.0000 0.0005
12051030  0  11  1.0000 0.0005  1.0000 0.0005
12051031  0  11  1.0000 0.0005  1.0000 0.0005
12051032  0  11  1.0000 0.0005  1.0000 0.0005
12051033  0  11  1.0000 0.0005  1.0000 0.0005
12051034  0  11  1.0000 0.0005  1.0000 0.0005
12051035  0  11  1.0000 0.0005  1.0000 0.0005
12051036  0  11  1.0000 0.0005  1.0000 0.0005
12051037  0  11  1.0000 0.0005  1.0000 0.0005
12051038  0  11  1.0000 0.0005  1.0000 0.0005
12051052  0  11  1.0000 0.0005  1.0000 0.0005
12051053  0  11  1.0000 0.0005  1.0000 0.0005
12051054  0  11  1.0000 0.0005  1.0000 0.0005
12051055  0  11  1.0000 0.0005  1.0000 0.0005
12051057  0  11  1.0000 0.0005  1.0000 0.0005
12051062  0  11  1.0000 0.0005  1.0000 0.0005
12051063  0  11  1.0000 0.0005  1.0000 0.0005
12051064  0  11  1.0000 0.0005  1.0000 0.0005
12051065  0  11  1.0000 0.0005  1.0000 0.0005
12052011  0  11  1.0000 0.0005  1.0000 0.0005
12052012  0  11  1.0000 0.0005  1.0000 0.0005
12052013  0  11  1.0000 0.0005  1.0000 0.0005
12052014  0  11  1.0000 0.0005  1.0000 0.0005
12052018  0  11  1.0000 0.0005  1.0000 0.0005
12052019  0  11  1.0000 0.0005  1.0000 0.0005
12052020  0  11  1.0000 0.0005  1.0000 0.0005
12052021  0  11  1.0000 0.0005  1.0000 0.0005
12052022  0  11  1.0000 0.0005  1.0000 0.0005
12052023  0  11  1.0000 0.0005  1.0000 0.0005
12052024  0  11  1.0000 0.0005  1.0000 0.0005
12052026  0  11  1.0000 0.0005  1.0000 0.0005
12052027  0  11  1.0000 0.0005  1.0000 0.0005
12052028  0  11  1.0000 0.0005  1.0000 0.0005
12052030  0  11  1.0000 0.0005  1.0000 0.0005
12052032  0  11  1.0000 0.0005  1.0000 0.0005
12052047  0  11  1.0000 0.0005  1.0000 0.0005
12053005  0  11  1.0000 0.0005  1.0000 0.0005
12053006  0  11  1.0000 0.0005  1.0000 0.0005
12053007  0  11  1.0000 0.0005  1.0000 0.0005
12053008  0  11  1.0000 0.0005  1.0000 0.0005
12053009  0  11  1.0000 0.0005  1.0000 0.0005
12053010  0  11  1.0000 0.0005  1.0000 0.0005
12053011  0  11  1.0000 0.0005  1.0000 0.0005
12053013  0  11  1.0000 0.0005  1.0000 0.0005
12053031  0  11  1.0000 0.0005  1.0000 0.0005
12053036  0  11  1.0000 0.0005  1.0000 0.0005
12053039  0  11  1.0000 0.0005  1.0000 0.0005
12053040  0  11  1.0000 0.0005  1.0000 0.0005
12053041  0  11  1.0000 0.0005  1.0000 0.0005
12053042  0  11  1.0000 0.0005  1.0000 0.0005
12053043  0  11  1.0000 0.0005  1.0000 0.0005
12053044  0  11  1.0000 0.0005  1.0000 0.0005
12053046  0  11  1.0000 0.0005  1.0000 0.0005
12053047  0  11  1.0000 0.0005  1.0000 0.0005
12053048  0  11  1.0000 0.0005  1.0000 0.0005
12053049  0  11  1.0000 0.0005  1.0000 0.0005
12053050  0  11  1.0000 0.0005  1.0000 0.0005
12053051  0  11  1.0000 0.0005  1.0000 0.0005
12053052  0  11  1.0000 0.0005  1.0000 0.0005
12053054  0  11  1.0000 0.0005  1.0000 0.0005
12053055  0  11  1.0000 0.0005  1.0000 0.0005
12053056  0  11  1.0000 0.0005  1.0000 0.0005
12053057  0  11  1.0000 0.0005  1.0000 0.0005
12053058  0  11  1.0000 0.0005  1.0000 0.0005
12053059  0  11  1.0000 0.0005  1.0000 0.0005
12053070  0  11  1.0000 0.0005  1.0000 0.0005
12053071  0  11  1.0000 0.0005  1.0000 0.0005
12054008  0  11  1.0000 0.0005  1.0000 0.0005
12054010  0  11  1.0000 0.0005  1.0000 0.0005
12054011  0  11  1.0000 0.0005  1.0000 0.0005
12054012  0  11  1.0000 0.0005  1.0000 0.0005
12054013  0  11  1.0000 0.0005  1.0000 0.0005
12054014  0  11  1.0000 0.0005  1.0000 0.0005
12054015  0  11  1.0000 0.0005  1.0000 0.0005
12054016  0  11  1.0000 0.0005  1.0000 0.0005
12054017  0  11  1.0000 0.0005  1.0000 0.0005
12054018  0  11  1.0000 0.0005  1.0000 0.0005
12054019  0  11  1.0000 0.0005  1.0000 0.0005
12054020  0  11  1.0000 0.0005  1.0000 0.0005
12054021  0  11  1.0000 0.0005  1.0000 0.0005
12054022  0  11  1.0000 0.0005  1.0000 0.0005
12054023  0  11  1.0000 0.0005  1.0000 0.0005
12054024  0  11  1.0000 0.0005  1.0000 0.0005
12054025  0  11  1.0000 0.0005  1.0000 0.0005
12054026  0  11  1.0000 0.0005  1.0000 0.0005
12054027  0  11  1.0000 0.0005  1.0000 0.0005
12054028  0  11  1.0000 0.0005  1.0000 0.0005
12054029  0  11  1.0000 0.0005  1.0000 0.0005
12054030  0  11  1.0000 0.0005  1.0000 0.0005
12055027  0  11  1.0000 0.0005  1.0000 0.0005
12055029  0  11  1.0000 0.0005  1.0000 0.0005
12055030  0  11  1.0000 0.0005  1.0000 0.0005
12055031  0  11  1.0000 0.0005  1.0000 0.0005
12055034  0  11  1.0000 0.0005  1.0000 0.0005
12055035  0  11  1.0000 0.0005  1.0000 0.0005
12056007  0  11  1.0000 0.0005  1.0000 0.0005
12056008  0  11  1.0000 0.0005  1.0000 0.0005
12056009  0  11  1.0000 0.0005  1.0000 0.0005
12056010  0  11  1.0000 0.0005  1.0000 0.0005
12056011  0  11  1.0000 0.0005  1.0000 0.0005
12056012  0  11  1.0000 0.0005  1.0000 0.0005
12056013  0  11  1.0000 0.0005  1.0000 0.0005
12056014  0  11  1.0000 0.0005  1.0000 0.0005
12056015  0  11  1.0000 0.0005  1.0000 0.0005
12056016  0  11  1.0000 0.0005  1.0000 0.0005
12056017  0  11  1.0000 0.0005  1.0000 0.0005
12056018  0  11  1.0000 0.0005  1.0000 0.0005
12056019  0  11  1.0000 0.0005  1.0000 0.0005
12056020  0  11  1.0000 0.0005  1.0000 0.0005
12056086  0  11  1.0000 0.0005  1.0000 0.0005
12057007  0  11  1.0000 0.0005  1.0000 0.0005
12057008  0  11  1.0000 0.0005  1.0000 0.0005
12057009  0  11  1.0000 0.0005  1.0000 0.0005
12057010  0  11  1.0000 0.0005  1.0000 0.0005
12057011  0  11  1.0000 0.0005  1.0000 0.0005
12057012  0  11  1.0000 0.0005  1.0000 0.0005
12057013  0  11  1.0000 0.0005  1.0000 0.0005
12057014  0  11  1.0000 0.0005  1.0000 0.0005
12057015  0  11  1.0000 0.0005  1.0000 0.0005
12057016  0  11  1.0000 0.0005  1.0000 0.0005
12057017  0  11  1.0000 0.0005  1.0000 0.0005
12057018  0  11  1.0000 0.0005  1.0000 0.0005
12057019  0  11  1.0000 0.0005  1.0000 0.0005
12057020  0  11  1.0000 0.0005  1.0000 0.0005
12057022  0  11  1.0000 0.0005  1.0000 0.0005
12057024  0  11  1.0000 0.0005  1.0000 0.0005
12057050  0  11  1.0000 0.0005  1.0000 0.0005
12057051  0  11  1.0000 0.0005  1.0000 0.0005
12057052  0  11  1.0000 0.0005  1.0000 0.0005
12057053  0  11  1.0000 0.0005  1.0000 0.0005
12057054  0  11  1.0000 0.0005  1.0000 0.0005
12057055  0  11  1.0000 0.0005  1.0000 0.0005
12057057  0  11  1.0000 0.0005  1.0000 0.0005
12057058  0  11  1.0000 0.0005  1.0000 0.0005
12057059  0  11  1.0000 0.0005  1.0000 0.0005
12057060  0  11  1.0000 0.0005  1.0000 0.0005
12058001  0  11  1.0000 0.0005  1.0000 0.0005
12058002  0  11  1.0000 0.0005  1.0000 0.0005
12058003  0  11  1.0000 0.0005  1.0000 0.0005
12058004  0  11  1.0000 0.0005  1.0000 0.0005
12058005  0  11  1.0000 0.0005  1.0000 0.0005
12058006  0  11  1.0000 0.0005  1.0000 0.0005
12058010  0  11  1.0000 0.0005  1.0000 0.0005
12058011  0  11  1.0000 0.0005  1.0000 0.0005
12058012  0  11  1.0000 0.0005  1.0000 0.0005
12058013  0  11  1.0000 0.0005  1.0000 0.0005
12058014  0  11  1.0000 0.0005  1.0000 0.0005
12058015  0  11  1.0000 0.0005  1.0000 0.0005
12058016  0  11  1.0000 0.0005  1.0000 0.0005
12058017  0  11  1.0000 0.0005  1.0000 0.0005
12058018  0  11  1.0000 0.0005  1.0000 0.0005
12058019  0  11  1.0000 0.0005  1.0000 0.0005
12058020  0  11  1.0000 0.0005  1.0000 0.0005
12058021  0  11  1.0000 0.0005  1.0000 0.0005
12058022  0  11  1.0000 0.0005  1.0000 0.0005
12058023  0  11  1.0000 0.0005  1.0000 0.0005
12058024  0  11  1.0000 0.0005  1.0000 0.0005
12058025  0  11  1.0000 0.0005  1.0000 0.0005
12058038  0  11  1.0000 0.0005  1.0000 0.0005
12058040  0  11  1.0000 0.0005  1.0000 0.0005
12058041  0  11  1.0000 0.0005  1.0000 0.0005
12058048  0  11  1.0000 0.0005  1.0000 0.0005
12058049  0  11  1.0000 0.0005  1.0000 0.0005
12058050  0  11  1.0000 0.0005  1.0000 0.0005
12058052  0  11  1.0000 0.0005  1.0000 0.0005
12058054  0  11  1.0000 0.0005  1.0000 0.0005
12058055  0  11  1.0000 0.0005  1.0000 0.0005
12058057  0  11  1.0000 0.0005  1.0000 0.0005
12058058  0  11  1.0000 0.0005  1.0000 0.0005
12058060  0  11  1.0000 0.0005  1.0000 0.0005
12058062  0  11  1.0000 0.0005  1.0000 0.0005
12059005  0  11  1.0000 0.0005  1.0000 0.0005
12059006  0  11  1.0000 0.0005  1.0000 0.0005
12059007  0  11  1.0000 0.0005  1.0000 0.0005
12059008  0  11  1.0000 0.0005  1.0000 0.0005
12059009  0  11  1.0000 0.0005  1.0000 0.0005
12059010  0  11  1.0000 0.0005  1.0000 0.0005
12059011  0  11  1.0000 0.0005  1.0000 0.0005
12059012  0  11  1.0000 0.0005  1.0000 0.0005
12059013  0  11  1.0000 0.0005  1.0000 0.0005
12059016  0  11  1.0000 0.0005  1.0000 0.0005
12059017  0  11  1.0000 0.0005  1.0000 0.0005
12059018  0  11  1.0000 0.0005  1.0000 0.0005
12059019  0  11  1.0000 0.0005  1.0000 0.0005
12059020  0  11  1.0000 0.0005  1.0000 0.0005
12059021  0  11  1.0000 0.0005  1.0000 0.0005
12059022  0  11  1.0000 0.0005  1.0000 0.0005
12059023  0  11  1.0000 0.0005  1.0000 0.0005
12059024  0  11  1.0000 0.0005  1.0000 0.0005
12059027  0  11  1.0000 0.0005  1.0000 0.0005
12059028  0  11  1.0000 0.0005  1.0000 0.0005
12059029  0  11  1.0000 0.0005  1.0000 0.0005
12059030  0  11  1.0000 0.0005  1.0000 0.0005
12059031  0  11  1.0000 0.0005  1.0000 0.0005
12059032  0  11  1.0000 0.0005  1.0000 0.0005
12059033  0  11  1.0000 0.0005  1.0000 0.0005
12059034  0  11  1.0000 0.0005  1.0000 0.0005
12059035  0  11  1.0000 0.0005  1.0000 0.0005
12059036  0  11  1.0000 0.0005  1.0000 0.0005
12059037  0  11  1.0000 0.0005  1.0000 0.0005
12059038  0  11  1.0000 0.0005  1.0000 0.0005
12059039  0  11  1.0000 0.0005  1.0000 0.0005
12059063  0  11  1.0000 0.0005  1.0000 0.0005
12059065  0  11  1.0000 0.0005  1.0000 0.0005
12059066  0  11  1.0000 0.0005  1.0000 0.0005
12059067  0  11  1.0000 0.0005  1.0000 0.0005
12059069  0  11  1.0000 0.0005  1.0000 0.0005
12059070  0  11  1.0000 0.0005  1.0000 0.0005
12059071  0  11  1.0000 0.0005  1.0000 0.0005
12059077  0  11  1.0000 0.0005  1.0000 0.0005
12059078  0  11  1.0000 0.0005  1.0000 0.0005
12059079  0  11  1.0000 0.0005  1.0000 0.0005
12059082  0  11  1.0000 0.0005  1.0000 0.0005
12059083  0  11  1.0000 0.0005  1.0000 0.0005
12059084  0  11  1.0000 0.0005  1.0000 0.0005
12060001  0  11  1.0000 0.0005  1.0000 0.0005
12060003  0  11  1.0000 0.0005  1.0000 0.0005
12060004  0  11  1.0000 0.0005  1.0000 0.0005
12060005  0  11  1.0000 0.0005  1.0000 0.0005
12060006  0  11  1.0000 0.0005  1.0000 0.0005
12060007  0  11  1.0000 0.0005  1.0000 0.0005
12060009  0  11  1.0000 0.0005  1.0000 0.0005
12060010  0  11  1.0000 0.0005  1.0000 0.0005
12060011  0  11  1.0000 0.0005  1.0000 0.0005
12060015  0  11  1.0000 0.0005  1.0000 0.0005
12060016  0  11  1.0000 0.0005  1.0000 0.0005
12060021  0  11  1.0000 0.0005  1.0000 0.0005
12060026  0  11  1.0000 0.0005  1.0000 0.0005
12060030  0  11  1.0000 0.0005  1.0000 0.0005
12060033  0  11  1.0000 0.0005  1.0000 0.0005
12060034  0  11  1.0000 0.0005  1.0000 0.0005
12060035  0  11  1.0000 0.0005  1.0000 0.0005
12060036  0  11  1.0000 0.0005  1.0000 0.0005
12060037  0  11  1.0000 0.0005  1.0000 0.0005
12060038  0  11  1.0000 0.0005  1.0000 0.0005
12060039  0  11  1.0000 0.0005  1.0000 0.0005
12060040  0  11  1.0000 0.0005  1.0000 0.0005
12060041  0  11  1.0000 0.0005  1.0000 0.0005
12060042  0  11  1.0000 0.0005  1.0000 0.0005
12060043  0  11  1.0000 0.0005  1.0000 0.0005
12060044  0  11  1.0000 0.0005  1.0000 0.0005
12060045  0  11  1.0000 0.0005  1.0000 0.0005
12060046  0  11  1.0000 0.0005  1.0000 0.0005
12060047  0  11  1.0000 0.0005  1.0000 0.0005
12060048  0  11  1.0000 0.0005  1.0000 0.0005
12060049  0  11  1.0000 0.0005  1.0000 0.0005
12060051  0  11  1.0000 0.0005  1.0000 0.0005
12060055  0  11  1.0000 0.0005  1.0000 0.0005
12062011  0  11  1.0000 0.0005  1.0000 0.0005
12062012  0  11  1.0000 0.0005  1.0000 0.0005
12062013  0  11  1.0000 0.0005  1.0000 0.0005
12062014  0  11  1.0000 0.0005  1.0000 0.0005
12062015  0  11  1.0000 0.0005  1.0000 0.0005
12062016  0  11  1.0000 0.0005  1.0000 0.0005
12062017  0  11  1.0000 0.0005  1.0000 0.0005
12062018  0  11  1.0000 0.0005  1.0000 0.0005
12062019  0  11  1.0000 0.0005  1.0000 0.0005
12062021  0  11  1.0000 0.0005  1.0000 0.0005
12062022  0  11  1.0000 0.0005  1.0000 0.0005
12062023  0  11  1.0000 0.0005  1.0000 0.0005
12064003  0  11  1.0000 0.0005  1.0000 0.0005
12064005  0  11  1.0000 0.0005  1.0000 0.0005
12064007  0  11  1.0000 0.0005  1.0000 0.0005
12064008  0  11  1.0000 0.0005  1.0000 0.0005
12064010  0  11  1.0000 0.0005  1.0000 0.0005
12064011  0  11  1.0000 0.0005  1.0000 0.0005
12064012  0  11  1.0000 0.0005  1.0000 0.0005
12064013  0  11  1.0000 0.0005  1.0000 0.0005
12064014  0  11  1.0000 0.0005  1.0000 0.0005
12064015  0  11  1.0000 0.0005  1.0000 0.0005
12064016  0  11  1.0000 0.0005  1.0000 0.0005
12064020  0  11  1.0000 0.0005  1.0000 0.0005
12064026  0  11  1.0000 0.0005  1.0000 0.0005
12064027  0  11  1.0000 0.0005  1.0000 0.0005
12064028  0  11  1.0000 0.0005  1.0000 0.0005
12064029  0  11  1.0000 0.0005  1.0000 0.0005
12064032  0  11  1.0000 0.0005  1.0000 0.0005
12064033  0  11  1.0000 0.0005  1.0000 0.0005
12064034  0  11  1.0000 0.0005  1.0000 0.0005
12064035  0  11  1.0000 0.0005  1.0000 0.0005
12064036  0  11  1.0000 0.0005  1.0000 0.0005
12064040  0  11  1.0000 0.0005  1.0000 0.0005
12064041  0  11  1.0000 0.0005  1.0000 0.0005
12064042  0  11  1.0000 0.0005  1.0000 0.0005
12064043  0  11  1.0000 0.0005  1.0000 0.0005
12064044  0  11  1.0000 0.0005  1.0000 0.0005
12064045  0  11  1.0000 0.0005  1.0000 0.0005
12064048  0  11  1.0000 0.0005  1.0000 0.0005
12064058  0  11  1.0000 0.0005  1.0000 0.0005
12064059  0  11  1.0000 0.0005  1.0000 0.0005
12064060  0  11  1.0000 0.0005  1.0000 0.0005
12064061  0  11  1.0000 0.0005  1.0000 0.0005
12064062  0  11  1.0000 0.0005  1.0000 0.0005
12064063  0  11  1.0000 0.0005  1.0000 0.0005
12064064  0  11  1.0000 0.0005  1.0000 0.0005
12064065  0  11  1.0000 0.0005  1.0000 0.0005
12064066  0  11  1.0000 0.0005  1.0000 0.0005
12064067  0  11  1.0000 0.0005  1.0000 0.0005
12064068  0  11  1.0000 0.0005  1.0000 0.0005
12064069  0  11  1.0000 0.0005  1.0000 0.0005
12064070  0  11  1.0000 0.0005  1.0000 0.0005
12064071  0  11  1.0000 0.0005  1.0000 0.0005
12064078  0  11  1.0000 0.0005  1.0000 0.0005
12064080  0  11  1.0000 0.0005  1.0000 0.0005
12064081  0  11  1.0000 0.0005  1.0000 0.0005
12064083  0  11  1.0000 0.0005  1.0000 0.0005
12064084  0  11  1.0000 0.0005  1.0000 0.0005
12064085  0  11  1.0000 0.0005  1.0000 0.0005
12064086  0  11  1.0000 0.0005  1.0000 0.0005
12064087  0  11  1.0000 0.0005  1.0000 0.0005
12064088  0  11  1.0000 0.0005  1.0000 0.0005
12064089  0  11  1.0000 0.0005  1.0000 0.0005
12064090  0  11  1.0000 0.0005  1.0000 0.0005
12065002  0  11  1.0000 0.0005  1.0000 0.0005
12065004  0  11  1.0000 0.0005  1.0000 0.0005
12065006  0  11  1.0000 0.0005  1.0000 0.0005
12065007  0  11  1.0000 0.0005  1.0000 0.0005
12065009  0  11  1.0000 0.0005  1.0000 0.0005
12065011  0  11  1.0000 0.0005  1.0000 0.0005
12065016  0  11  1.0000 0.0005  1.0000 0.0005
12065018  0  11  1.0000 0.0005  1.0000 0.0005
12075019  0  11  1.0000 0.0005  1.0000 0.0005
12075021  0  11  1.0000 0.0005  1.0000 0.0005
12075022  0  11  1.0000 0.0005  1.0000 0.0005
12075024  0  11  1.0000 0.0005  1.0000 0.0005
12075025  0  11  1.0000 0.0005  1.0000 0.0005
12075027  0  11  1.0000 0.0005  1.0000 0.0005
12075028  0  11  1.0000 0.0005  1.0000 0.0005
12075029  0  11  1.0000 0.0005  1.0000 0.0005
12075030  0  11  1.0000 0.0005  1.0000 0.0005
12075031  0  11  1.0000 0.0005  1.0000 0.0005
12075032  0  11  1.0000 0.0005  1.0000 0.0005
12075033  0  11  1.0000 0.0005  1.0000 0.0005
12075034  0  11  1.0000 0.0005  1.0000 0.0005
12075039  0  11  1.0000 0.0005  1.0000 0.0005
12075040  0  11  1.0000 0.0005  1.0000 0.0005
12075041  0  11  1.0000 0.0005  1.0000 0.0005
12075042  0  11  1.0000 0.0005  1.0000 0.0005
12075043  0  11  1.0000 0.0005  1.0000 0.0005
12076002  0  11  1.0000 0.0005  1.0000 0.0005
12076003  0  11  1.0000 0.0005  1.0000 0.0005
12076007  0  11  1.0000 0.0005  1.0000 0.0005
12076008  0  11  1.0000 0.0005  1.0000 0.0005
12076009  0  11  1.0000 0.0005  1.0000 0.0005
12076029  0  11  1.0000 0.0005  1.0000 0.0005
12076031  0  11  1.0000 0.0005  1.0000 0.0005
12079004  0  11  1.0000 0.0005  1.0000 0.0005
12079005  0  11  1.0000 0.0005  1.0000 0.0005
12079025  0  11  1.0000 0.0005  1.0000 0.0005
12079026  0  11  1.0000 0.0005  1.0000 0.0005
12079027  0  11  1.0000 0.0005  1.0000 0.0005
12079028  0  11  1.0000 0.0005  1.0000 0.0005
12079030  0  11  1.0000 0.0005  1.0000 0.0005
12079031  0  11  1.0000 0.0005  1.0000 0.0005
12079033  0  11  1.0000 0.0005  1.0000 0.0005
12079035  0  11  1.0000 0.0005  1.0000 0.0005
12079037  0  11  1.0000 0.0005  1.0000 0.0005
12079038  0  11  1.0000 0.0005  1.0000 0.0005
12079040  0  11  1.0000 0.0005  1.0000 0.0005
12079041  0  11  1.0000 0.0005  1.0000 0.0005
12079042  0  11  1.0000 0.0005  1.0000 0.0005
12079043  0  11  1.0000 0.0005  1.0000 0.0005
12079045  0  11  1.0000 0.0005  1.0000 0.0005
12079046  0  11  1.0000 0.0005  1.0000 0.0005
12079047  0  11  1.0000 0.0005  1.0000 0.0005
12079049  0  11  1.0000 0.0005  1.0000 0.0005
12079050  0  11  1.0000 0.0005  1.0000 0.0005
12080001  0  11  1.0000 0.0005  1.0000 0.0005
12080004  0  11  1.0000 0.0005  1.0000 0.0005
12080005  0  11  1.0000 0.0005  1.0000 0.0005
12080010  0  11  1.0000 0.0005  1.0000 0.0005
12080011  0  11  1.0000 0.0005  1.0000 0.0005
12080012  0  11  1.0000 0.0005  1.0000 0.0005
12080017  0  11  1.0000 0.0005  1.0000 0.0005
12080018  0  11  1.0000 0.0005  1.0000 0.0005
12080020  0  11  1.0000 0.0005  1.0000 0.0005
12080052  0  11  1.0000 0.0005  1.0000 0.0005
12080053  0  11  1.0000 0.0005  1.0000 0.0005
12080054  0  11  1.0000 0.0005  1.0000 0.0005
12080055  0  11  1.0000 0.0005  1.0000 0.0005
12080058  0  11  1.0000 0.0005  1.0000 0.0005
12080059  0  11  1.0000 0.0005  1.0000 0.0005
12080062  0  11  1.0000 0.0005  1.0000 0.0005
12080064  0  11  1.0000 0.0005  1.0000 0.0005
12080066  0  11  1.0000 0.0005  1.0000 0.0005
12080067  0  11  1.0000 0.0005  1.0000 0.0005
12080068  0  11  1.0000 0.0005  1.0000 0.0005
12080069  0  11  1.0000 0.0005  1.0000 0.0005
12080070  0  11  1.0000 0.0005  1.0000 0.0005
12081009  0  11  1.0000 0.0005  1.0000 0.0005
12081011  0  11  1.0000 0.0005  1.0000 0.0005
12081012  0  11  1.0000 0.0005  1.0000 0.0005
12081013  0  11  1.0000 0.0005  1.0000 0.0005
12081014  0  11  1.0000 0.0005  1.0000 0.0005
12081015  0  11  1.0000 0.0005  1.0000 0.0005
12081016  0  11  1.0000 0.0005  1.0000 0.0005
12081020  0  11  1.0000 0.0005  1.0000 0.0005
12081021  0  11  1.0000 0.0005  1.0000 0.0005
12081022  0  11  1.0000 0.0005  1.0000 0.0005
12081023  0  11  1.0000 0.0005  1.0000 0.0005
12081024  0  11  1.0000 0.0005  1.0000 0.0005
12081025  0  11  1.0000 0.0005  1.0000 0.0005
12081027  0  11  1.0000 0.0005  1.0000 0.0005
12081029  0  11  1.0000 0.0005  1.0000 0.0005
12081050  0  11  1.0000 0.0005  1.0000 0.0005
12081052  0  11  1.0000 0.0005  1.0000 0.0005
12081053  0  11  1.0000 0.0005  1.0000 0.0005
12081054  0  11  1.0000 0.0005  1.0000 0.0005
12081055  0  11  1.0000 0.0005  1.0000 0.0005
12081056  0  11  1.0000 0.0005  1.0000 0.0005
12081057  0  11  1.0000 0.0005  1.0000 0.0005
12081069  0  11  1.0000 0.0005  1.0000 0.0005
12081070  0  11  1.0000 0.0005  1.0000 0.0005
12082001  0  11  1.0000 0.0005  1.0000 0.0005
12082002  0  11  1.0000 0.0005  1.0000 0.0005
12082003  0  11  1.0000 0.0005  1.0000 0.0005
12082004  0  11  1.0000 0.0005  1.0000 0.0005
12082005  0  11  1.0000 0.0005  1.0000 0.0005
12082007  0  11  1.0000 0.0005  1.0000 0.0005
12082012  0  11  1.0000 0.0005  1.0000 0.0005
12082014  0  11  1.0000 0.0005  1.0000 0.0005
12082022  0  11  1.0000 0.0005  1.0000 0.0005
12082023  0  11  1.0000 0.0005  1.0000 0.0005
12082024  0  11  1.0000 0.0005  1.0000 0.0005
12083009  0  11  1.0000 0.0005  1.0000 0.0005
12083010  0  11  1.0000 0.0005  1.0000 0.0005
12083011  0  11  1.0000 0.0005  1.0000 0.0005
12083012  0  11  1.0000 0.0005  1.0000 0.0005
12083013  0  11  1.0000 0.0005  1.0000 0.0005
12083014  0  11  1.0000 0.0005  1.0000 0.0005
12083016  0  11  1.0000 0.0005  1.0000 0.0005
12083017  0  11  1.0000 0.0005  1.0000 0.0005
12083018  0  11  1.0000 0.0005  1.0000 0.0005
12083019  0  11  1.0000 0.0005  1.0000 0.0005
12083020  0  11  1.0000 0.0005  1.0000 0.0005
12083021  0  11  1.0000 0.0005  1.0000 0.0005
12083022  0  11  1.0000 0.0005  1.0000 0.0005
12083023  0  11  1.0000 0.0005  1.0000 0.0005
12083024  0  11  1.0000 0.0005  1.0000 0.0005
12083025  0  11  1.0000 0.0005  1.0000 0.0005
12083044  0  11  1.0000 0.0005  1.0000 0.0005
12083045  0  11  1.0000 0.0005  1.0000 0.0005
12083046  0  11  1.0000 0.0005  1.0000 0.0005
12083047  0  11  1.0000 0.0005  1.0000 0.0005
12083050  0  11  1.0000 0.0005  1.0000 0.0005
12083051  0  11  1.0000 0.0005  1.0000 0.0005
12083052  0  11  1.0000 0.0005  1.0000 0.0005
12083053  0  11  1.0000 0.0005  1.0000 0.0005
12083054  0  11  1.0000 0.0005  1.0000 0.0005
12083055  0  11  1.0000 0.0005  1.0000 0.0005
12083056  0  11  1.0000 0.0005  1.0000 0.0005
12083057  0  11  1.0000 0.0005  1.0000 0.0005
12083058  0  11  1.0000 0.0005  1.0000 0.0005
12083059  0  11  1.0000 0.0005  1.0000 0.0005
12083060  0  11  1.0000 0.0005  1.0000 0.0005
12083061  0  11  1.0000 0.0005  1.0000 0.0005
12084002  0  11  1.0000 0.0005  1.0000 0.0005
12084004  0  11  1.0000 0.0005  1.0000 0.0005
12084005  0  11  1.0000 0.0005  1.0000 0.0005
12084008  0  11  1.0000 0.0005  1.0000 0.0005
12084009  0  11  1.0000 0.0005  1.0000 0.0005
12084010  0  11  1.0000 0.0005  1.0000 0.0005
12084011  0  11  1.0000 0.0005  1.0000 0.0005
12084012  0  11  1.0000 0.0005  1.0000 0.0005
12084013  0  11  1.0000 0.0005  1.0000 0.0005
12084014  0  11  1.0000 0.0005  1.0000 0.0005
12084015  0  11  1.0000 0.0005  1.0000 0.0005
12084016  0  11  1.0000 0.0005  1.0000 0.0005
12084017  0  11  1.0000 0.0005  1.0000 0.0005
12084018  0  11  1.0000 0.0005  1.0000 0.0005
12084019  0  11  1.0000 0.0005  1.0000 0.0005
12084020  0  11  1.0000 0.0005  1.0000 0.0005
12084021  0  11  1.0000 0.0005  1.0000 0.0005
12084023  0  11  1.0000 0.0005  1.0000 0.0005
12085022  0  11  1.0000 0.0005  1.0000 0.0005
12085023  0  11  1.0000 0.0005  1.0000 0.0005
12085025  0  11  1.0000 0.0005  1.0000 0.0005
12085026  0  11  1.0000 0.0005  1.0000 0.0005
12085027  0  11  1.0000 0.0005  1.0000 0.0005
12085028  0  11  1.0000 0.0005  1.0000 0.0005
12085029  0  11  1.0000 0.0005  1.0000 0.0005
12085030  0  11  1.0000 0.0005  1.0000 0.0005
12085031  0  11  1.0000 0.0005  1.0000 0.0005
12086001  0  11  1.0000 0.0005  1.0000 0.0005
12086002  0  11  1.0000 0.0005  1.0000 0.0005
12086003  0  11  1.0000 0.0005  1.0000 0.0005
12086004  0  11  1.0000 0.0005  1.0000 0.0005
12086005  0  11  1.0000 0.0005  1.0000 0.0005
12086006  0  11  1.0000 0.0005  1.0000 0.0005
12086007  0  11  1.0000 0.0005  1.0000 0.0005
12086008  0  11  1.0000 0.0005  1.0000 0.0005
12086010  0  11  1.0000 0.0005  1.0000 0.0005
12086028  0  11  1.0000 0.0005  1.0000 0.0005
12086032  0  11  1.0000 0.0005  1.0000 0.0005
12086033  0  11  1.0000 0.0005  1.0000 0.0005
12086034  0  11  1.0000 0.0005  1.0000 0.0005
12086035  0  11  1.0000 0.0005  1.0000 0.0005
12086036  0  11  1.0000 0.0005  1.0000 0.0005
12086037  0  11  1.0000 0.0005  1.0000 0.0005
12086038  0  11  1.0000 0.0005  1.0000 0.0005
12086039  0  11  1.0000 0.0005  1.0000 0.0005
12086040  0  11  1.0000 0.0005  1.0000 0.0005
12086041  0  11  1.0000 0.0005  1.0000 0.0005
12086042  0  11  1.0000 0.0005  1.0000 0.0005
12086046  0  11  1.0000 0.0005  1.0000 0.0005
12086047  0  11  1.0000 0.0005  1.0000 0.0005
12087002  0  11  1.0000 0.0005  1.0000 0.0005
12087003  0  11  1.0000 0.0005  1.0000 0.0005
12087004  0  11  1.0000 0.0005  1.0000 0.0005
12087005  0  11  1.0000 0.0005  1.0000 0.0005
12087007  0  11  1.0000 0.0005  1.0000 0.0005
12087010  0  11  1.0000 0.0005  1.0000 0.0005
12087012  0  11  1.0000 0.0005  1.0000 0.0005
12087023  0  11  1.0000 0.0005  1.0000 0.0005
12087024  0  11  1.0000 0.0005  1.0000 0.0005
12087025  0  11  1.0000 0.0005  1.0000 0.0005
12087026  0  11  1.0000 0.0005  1.0000 0.0005
12087027  0  11  1.0000 0.0005  1.0000 0.0005
12087032  0  11  1.0000 0.0005  1.0000 0.0005
12087033  0  11  1.0000 0.0005  1.0000 0.0005
12087053  0  11  1.0000 0.0005  1.0000 0.0005
12087054  0  11  1.0000 0.0005  1.0000 0.0005
12087057  0  11  1.0000 0.0005  1.0000 0.0005
12087076  0  11  1.0000 0.0005  1.0000 0.0005
12087079  0  11  1.0000 0.0005  1.0000 0.0005
12087080  0  11  1.0000 0.0005  1.0000 0.0005
12087081  0  11  1.0000 0.0005  1.0000 0.0005
12087084  0  11  1.0000 0.0005  1.0000 0.0005
12087085  0  11  1.0000 0.0005  1.0000 0.0005
12087095  0  11  1.0000 0.0005  1.0000 0.0005
12087096  0  11  1.0000 0.0005  1.0000 0.0005
12087097  0  11  1.0000 0.0005  1.0000 0.0005
12087098  0  11  1.0000 0.0005  1.0000 0.0005
12087099  0  11  1.0000 0.0005  1.0000 0.0005
12087100  0  11  1.0000 0.0005  1.0000 0.0005
12087101  0  11  1.0000 0.0005  1.0000 0.0005
12087102  0  11  1.0000 0.0005  1.0000 0.0005
12088030  0  11  1.0000 0.0005  1.0000 0.0005
12088031  0  11  1.0000 0.0005  1.0000 0.0005
12088032  0  11  1.0000 0.0005  1.0000 0.0005
12088033  0  11  1.0000 0.0005  1.0000 0.0005
12088034  0  11  1.0000 0.0005  1.0000 0.0005
12088035  0  11  1.0000 0.0005  1.0000 0.0005
12088075  0  11  1.0000 0.0005  1.0000 0.0005
12088076  0  11  1.0000 0.0005  1.0000 0.0005
12088077  0  11  1.0000 0.0005  1.0000 0.0005
12088078  0  11  1.0000 0.0005  1.0000 0.0005
12088079  0  11  1.0000 0.0005  1.0000 0.0005
12088080  0  11  1.0000 0.0005  1.0000 0.0005
12088081  0  11  1.0000 0.0005  1.0000 0.0005
12088086  0  11  1.0000 0.0005  1.0000 0.0005
12088087  0  11  1.0000 0.0005  1.0000 0.0005
12088088  0  11  1.0000 0.0005  1.0000 0.0005
12088090  0  11  1.0000 0.0005  1.0000 0.0005
12089011  0  11  1.0000 0.0005  1.0000 0.0005
12089084  0  11  1.0000 0.0005  1.0000 0.0005
12089085  0  11  1.0000 0.0005  1.0000 0.0005
12089086  0  11  1.0000 0.0005  1.0000 0.0005
12089087  0  11  1.0000 0.0005  1.0000 0.0005
12089089  0  11  1.0000 0.0005  1.0000 0.0005
12089093  0  11  1.0000 0.0005  1.0000 0.0005
12090002  0  11  1.0000 0.0005  1.0000 0.0005
12090003  0  11  1.0000 0.0005  1.0000 0.0005
12090006  0  11  1.0000 0.0005  1.0000 0.0005
12090007  0  11  1.0000 0.0005  1.0000 0.0005
12090009  0  11  1.0000 0.0005  1.0000 0.0005
12090010  0  11  1.0000 0.0005  1.0000 0.0005
12090011  0  11  1.0000 0.0005  1.0000 0.0005
12090017  0  11  1.0000 0.0005  1.0000 0.0005
12090018  0  11  1.0000 0.0005  1.0000 0.0005
12090019  0  11  1.0000 0.0005  1.0000 0.0005
12090020  0  11  1.0000 0.0005  1.0000 0.0005
12090021  0  11  1.0000 0.0005  1.0000 0.0005
12090022  0  11  1.0000 0.0005  1.0000 0.0005
12090024  0  11  1.0000 0.0005  1.0000 0.0005
12090038  0  11  1.0000 0.0005  1.0000 0.0005
12090041  0  11  1.0000 0.0005  1.0000 0.0005
12090042  0  11  1.0000 0.0005  1.0000 0.0005
12090043  0  11  1.0000 0.0005  1.0000 0.0005
12090045  0  11  1.0000 0.0005  1.0000 0.0005
12090046  0  11  1.0000 0.0005  1.0000 0.0005
12090047  0  11  1.0000 0.0005  1.0000 0.0005
12090048  0  11  1.0000 0.0005  1.0000 0.0005
12090049  0  11  1.0000 0.0005  1.0000 0.0005
12090050  0  11  1.0000 0.0005  1.0000 0.0005
12090051  0  11  1.0000 0.0005  1.0000 0.0005
12090052  0  11  1.0000 0.0005  1.0000 0.0005
12090053  0  11  1.0000 0.0005  1.0000 0.0005
12090054  0  11  1.0000 0.0005  1.0000 0.0005
12090055  0  11  1.0000 0.0005  1.0000 0.0005
12090060  0  11  1.0000 0.0005  1.0000 0.0005
12090061  0  11  1.0000 0.0005  1.0000 0.0005
12091003  0  11  1.0000 0.0005  1.0000 0.0005
12091004  0  11  1.0000 0.0005  1.0000 0.0005
12091005  0  11  1.0000 0.0005  1.0000 0.0005
12091006  0  11  1.0000 0.0005  1.0000 0.0005
12091007  0  11  1.0000 0.0005  1.0000 0.0005
12091009  0  11  1.0000 0.0005  1.0000 0.0005
12091010  0  11  1.0000 0.0005  1.0000 0.0005
12091011  0  11  1.0000 0.0005  1.0000 0.0005
12091012  0  11  1.0000 0.0005  1.0000 0.0005
12091013  0  11  1.0000 0.0005  1.0000 0.0005
12091014  0  11  1.0000 0.0005  1.0000 0.0005
12091016  0  11  1.0000 0.0005  1.0000 0.0005
12091017  0  11  1.0000 0.0005  1.0000 0.0005
12091018  0  11  1.0000 0.0005  1.0000 0.0005
12091019  0  11  1.0000 0.0005  1.0000 0.0005
12091021  0  11  1.0000 0.0005  1.0000 0.0005
12091022  0  11  1.0000 0.0005  1.0000 0.0005
12091023  0  11  1.0000 0.0005  1.0000 0.0005
12091024  0  11  1.0000 0.0005  1.0000 0.0005
12091025  0  11  1.0000 0.0005  1.0000 0.0005
12091039  0  11  1.0000 0.0005  1.0000 0.0005
12091040  0  11  1.0000 0.0005  1.0000 0.0005
12091041  0  11  1.0000 0.0005  1.0000 0.0005
12091042  0  11  1.0000 0.0005  1.0000 0.0005
12091043  0  11  1.0000 0.0005  1.0000 0.0005
12091044  0  11  1.0000 0.0005  1.0000 0.0005
12091045  0  11  1.0000 0.0005  1.0000 0.0005
12091046  0  11  1.0000 0.0005  1.0000 0.0005
12091047  0  11  1.0000 0.0005  1.0000 0.0005
12091048  0  11  1.0000 0.0005  1.0000 0.0005
12091049  0  11  1.0000 0.0005  1.0000 0.0005
12091051  0  11  1.0000 0.0005  1.0000 0.0005
12091052  0  11  1.0000 0.0005  1.0000 0.0005
12091053  0  11  1.0000 0.0005  1.0000 0.0005
12091054  0  11  1.0000 0.0005  1.0000 0.0005
12092001  0  11  1.0000 0.0005  1.0000 0.0005
12092002  0  11  1.0000 0.0005  1.0000 0.0005
12092003  0  11  1.0000 0.0005  1.0000 0.0005
12092004  0  11  1.0000 0.0005  1.0000 0.0005
12092005  0  11  1.0000 0.0005  1.0000 0.0005
12092011  0  11  1.0000 0.0005  1.0000 0.0005
12092019  0  11  1.0000 0.0005  1.0000 0.0005
12092020  0  11  1.0000 0.0005  1.0000 0.0005
12092035  0  11  1.0000 0.0005  1.0000 0.0005
12092036  0  11  1.0000 0.0005  1.0000 0.0005
12092038  0  11  1.0000 0.0005  1.0000 0.0005
12092039  0  11  1.0000 0.0005  1.0000 0.0005
12092042  0  11  1.0000 0.0005  1.0000 0.0005
12092043  0  11  1.0000 0.0005  1.0000 0.0005
12092044  0  11  1.0000 0.0005  1.0000 0.0005
12092045  0  11  1.0000 0.0005  1.0000 0.0005
12092046  0  11  1.0000 0.0005  1.0000 0.0005
12092047  0  11  1.0000 0.0005  1.0000 0.0005
12093001  0  11  1.0000 0.0005  1.0000 0.0005
12093002  0  11  1.0000 0.0005  1.0000 0.0005
12093003  0  11  1.0000 0.0005  1.0000 0.0005
12093004  0  11  1.0000 0.0005  1.0000 0.0005
12093005  0  11  1.0000 0.0005  1.0000 0.0005
12093006  0  11  1.0000 0.0005  1.0000 0.0005
12093007  0  11  1.0000 0.0005  1.0000 0.0005
12093008  0  11  1.0000 0.0005  1.0000 0.0005
12093010  0  11  1.0000 0.0005  1.0000 0.0005
12093011  0  11  1.0000 0.0005  1.0000 0.0005
12093012  0  11  1.0000 0.0005  1.0000 0.0005
12093014  0  11  1.0000 0.0005  1.0000 0.0005
12093021  0  11  1.0000 0.0005  1.0000 0.0005
12093022  0  11  1.0000 0.0005  1.0000 0.0005
12093023  0  11  1.0000 0.0005  1.0000 0.0005
12093024  0  11  1.0000 0.0005  1.0000 0.0005
12093025  0  11  1.0000 0.0005  1.0000 0.0005
12093029  0  11  1.0000 0.0005  1.0000 0.0005
12093030  0  11  1.0000 0.0005  1.0000 0.0005
12093031  0  11  1.0000 0.0005  1.0000 0.0005
12093032  0  11  1.0000 0.0005  1.0000 0.0005
12093033  0  11  1.0000 0.0005  1.0000 0.0005
12093034  0  11  1.0000 0.0005  1.0000 0.0005
12093036  0  11  1.0000 0.0005  1.0000 0.0005
12093039  0  11  1.0000 0.0005  1.0000 0.0005
12093040  0  11  1.0000 0.0005  1.0000 0.0005
12093041  0  11  1.0000 0.0005  1.0000 0.0005
12093042  0  11  1.0000 0.0005  1.0000 0.0005
12093044  0  11  1.0000 0.0005  1.0000 0.0005
12093048  0  11  1.0000 0.0005  1.0000 0.0005
12093049  0  11  1.0000 0.0005  1.0000 0.0005
12093050  0  11  1.0000 0.0005  1.0000 0.0005
12093051  0  11  1.0000 0.0005  1.0000 0.0005
12094008  0  11  1.0000 0.0005  1.0000 0.0005
12094009  0  11  1.0000 0.0005  1.0000 0.0005
12094010  0  11  1.0000 0.0005  1.0000 0.0005
12094011  0  11  1.0000 0.0005  1.0000 0.0005
12094012  0  11  1.0000 0.0005  1.0000 0.0005
12094013  0  11  1.0000 0.0005  1.0000 0.0005
12094014  0  11  1.0000 0.0005  1.0000 0.0005
12094015  0  11  1.0000 0.0005  1.0000 0.0005
12094016  0  11  1.0000 0.0005  1.0000 0.0005
12094017  0  11  1.0000 0.0005  1.0000 0.0005
12094018  0  11  1.0000 0.0005  1.0000 0.0005
12094019  0  11  1.0000 0.0005  1.0000 0.0005
12094020  0  11  1.0000 0.0005  1.0000 0.0005
12094021  0  11  1.0000 0.0005  1.0000 0.0005
12094022  0  11  1.0000 0.0005  1.0000 0.0005
12094024  0  11  1.0000 0.0005  1.0000 0.0005
12094025  0  11  1.0000 0.0005  1.0000 0.0005
12094026  0  11  1.0000 0.0005  1.0000 0.0005
12094059  0  11  1.0000 0.0005  1.0000 0.0005
12094060  0  11  1.0000 0.0005  1.0000 0.0005
12094061  0  11  1.0000 0.0005  1.0000 0.0005
12094062  0  11  1.0000 0.0005  1.0000 0.0005
12094063  0  11  1.0000 0.0005  1.0000 0.0005
12094064  0  11  1.0000 0.0005  1.0000 0.0005
12094065  0  11  1.0000 0.0005  1.0000 0.0005
12095005  0  11  1.0000 0.0005  1.0000 0.0005
12095006  0  11  1.0000 0.0005  1.0000 0.0005
12095008  0  11  1.0000 0.0005  1.0000 0.0005
12095010  0  11  1.0000 0.0005  1.0000 0.0005
12095011  0  11  1.0000 0.0005  1.0000 0.0005
12095012  0  11  1.0000 0.0005  1.0000 0.0005
12095013  0  11  1.0000 0.0005  1.0000 0.0005
12095014  0  11  1.0000 0.0005  1.0000 0.0005
12095016  0  11  1.0000 0.0005  1.0000 0.0005
12095018  0  11  1.0000 0.0005  1.0000 0.0005
12095020  0  11  1.0000 0.0005  1.0000 0.0005
12095021  0  11  1.0000 0.0005  1.0000 0.0005
12095022  0  11  1.0000 0.0005  1.0000 0.0005
12095023  0  11  1.0000 0.0005  1.0000 0.0005
12095037  0  11  1.0000 0.0005  1.0000 0.0005
12095038  0  11  1.0000 0.0005  1.0000 0.0005
12095039  0  11  1.0000 0.0005  1.0000 0.0005
12095043  0  11  1.0000 0.0005  1.0000 0.0005
12095046  0  11  1.0000 0.0005  1.0000 0.0005
12095050  0  11  1.0000 0.0005  1.0000 0.0005
12095052  0  11  1.0000 0.0005  1.0000 0.0005
12095053  0  11  1.0000 0.0005  1.0000 0.0005
12095054  0  11  1.0000 0.0005  1.0000 0.0005
12095056  0  11  1.0000 0.0005  1.0000 0.0005
12095057  0  11  1.0000 0.0005  1.0000 0.0005
12095058  0  11  1.0000 0.0005  1.0000 0.0005
12095059  0  11  1.0000 0.0005  1.0000 0.0005
12095060  0  11  1.0000 0.0005  1.0000 0.0005
12095061  0  11  1.0000 0.0005  1.0000 0.0005
12095063  0  11  1.0000 0.0005  1.0000 0.0005
12095064  0  11  1.0000 0.0005  1.0000 0.0005
12095067  0  11  1.0000 0.0005  1.0000 0.0005
12096004  0  11  1.0000 0.0005  1.0000 0.0005
12096005  0  11  1.0000 0.0005  1.0000 0.0005
12096006  0  11  1.0000 0.0005  1.0000 0.0005
12096011  0  11  1.0000 0.0005  1.0000 0.0005
12096014  0  11  1.0000 0.0005  1.0000 0.0005
12096015  0  11  1.0000 0.0005  1.0000 0.0005
12096016  0  11  1.0000 0.0005  1.0000 0.0005
12096023  0  11  1.0000 0.0005  1.0000 0.0005
12096024  0  11  1.0000 0.0005  1.0000 0.0005
12096025  0  11  1.0000 0.0005  1.0000 0.0005
12096026  0  11  1.0000 0.0005  1.0000 0.0005
12096027  0  11  1.0000 0.0005  1.0000 0.0005
12096028  0  11  1.0000 0.0005  1.0000 0.0005
12096029  0  11  1.0000 0.0005  1.0000 0.0005
12096030  0  11  1.0000 0.0005  1.0000 0.0005
12096032  0  11  1.0000 0.0005  1.0000 0.0005
12096033  0  11  1.0000 0.0005  1.0000 0.0005
12096034  0  11  1.0000 0.0005  1.0000 0.0005
12096036  0  11  1.0000 0.0005  1.0000 0.0005
12096046  0  11  1.0000 0.0005  1.0000 0.0005
12096054  0  11  1.0000 0.0005  1.0000 0.0005
12096057  0  11  1.0000 0.0005  1.0000 0.0005
12096058  0  11  1.0000 0.0005  1.0000 0.0005
12096059  0  11  1.0000 0.0005  1.0000 0.0005
12096060  0  11  1.0000 0.0005  1.0000 0.0005
12096061  0  11  1.0000 0.0005  1.0000 0.0005
12096062  0  11  1.0000 0.0005  1.0000 0.0005
12097001  0  11  1.0000 0.0005  1.0000 0.0005
12097002  0  11  1.0000 0.0005  1.0000 0.0005
12097003  0  11  1.0000 0.0005  1.0000 0.0005
12097004  0  11  1.0000 0.0005  1.0000 0.0005
12097005  0  11  1.0000 0.0005  1.0000 0.0005
12097006  0  11  1.0000 0.0005  1.0000 0.0005
12097007  0  11  1.0000 0.0005  1.0000 0.0005
12097008  0  11  1.0000 0.0005  1.0000 0.0005
12097009  0  11  1.0000 0.0005  1.0000 0.0005
12097010  0  11  1.0000 0.0005  1.0000 0.0005
12097011  0  11  1.0000 0.0005  1.0000 0.0005
12097012  0  11  1.0000 0.0005  1.0000 0.0005
12097013  0  11  1.0000 0.0005  1.0000 0.0005
12097016  0  11  1.0000 0.0005  1.0000 0.0005
12097017  0  11  1.0000 0.0005  1.0000 0.0005
12097018  0  11  1.0000 0.0005  1.0000 0.0005
12097019  0  11  1.0000 0.0005  1.0000 0.0005
12097020  0  11  1.0000 0.0005  1.0000 0.0005
12097021  0  11  1.0000 0.0005  1.0000 0.0005
12097022  0  11  1.0000 0.0005  1.0000 0.0005
12097024  0  11  1.0000 0.0005  1.0000 0.0005
12098007  0  11  1.0000 0.0005  1.0000 0.0005
12098008  0  11  1.0000 0.0005  1.0000 0.0005
12098009  0  11  1.0000 0.0005  1.0000 0.0005
12098010  0  11  1.0000 0.0005  1.0000 0.0005
12098012  0  11  1.0000 0.0005  1.0000 0.0005
12098013  0  11  1.0000 0.0005  1.0000 0.0005
12098014  0  11  1.0000 0.0005  1.0000 0.0005
12098016  0  11  1.0000 0.0005  1.0000 0.0005
12098017  0  11  1.0000 0.0005  1.0000 0.0005
12098018  0  11  1.0000 0.0005  1.0000 0.0005
12098019  0  11  1.0000 0.0005  1.0000 0.0005
12098020  0  11  1.0000 0.0005  1.0000 0.0005
12098021  0  11  1.0000 0.0005  1.0000 0.0005
12098022  0  11  1.0000 0.0005  1.0000 0.0005
12098024  0  11  1.0000 0.0005  1.0000 0.0005
12098030  0  11  1.0000 0.0005  1.0000 0.0005
12098031  0  11  1.0000 0.0005  1.0000 0.0005
12098036  0  11  1.0000 0.0005  1.0000 0.0005
13039028  0  11  1.0000 0.0005  1.0000 0.0005
13039136  0  11  1.0000 0.0005  1.0000 0.0005
13041118  0  11  1.0000 0.0005  1.0000 0.0005
13043022  0  11  1.0000 0.0005  1.0000 0.0005
13044010  0  11  1.0000 0.0005  1.0000 0.0005
13044011  0  11  1.0000 0.0005  1.0000 0.0005
13044013  0  11  1.0000 0.0005  1.0000 0.0005
13046001  0  11  1.0000 0.0005  1.0000 0.0005
13046003  0  11  1.0000 0.0005  1.0000 0.0005
13046004  0  11  1.0000 0.0005  1.0000 0.0005
13046008  0  11  1.0000 0.0005  1.0000 0.0005
13046001  0  11  1.0000 0.0005  1.0000 0.0005
13046003  0  11  1.0000 0.0005  1.0000 0.0005
13046004  0  11  1.0000 0.0005  1.0000 0.0005
13046008  0  11  1.0000 0.0005  1.0000 0.0005
13046060  0  11  1.0000 0.0005  1.0000 0.0005
13046060  0  11  1.0000 0.0005  1.0000 0.0005
13046068  0  11  1.0000 0.0005  1.0000 0.0005
13046069  0  11  1.0000 0.0005  1.0000 0.0005
13046079  0  11  1.0000 0.0005  1.0000 0.0005
13046060  0  11  1.0000 0.0005  1.0000 0.0005
13046061  0  11  1.0000 0.0005  1.0000 0.0005
13046068  0  11  1.0000 0.0005  1.0000 0.0005
13046069  0  11  1.0000 0.0005  1.0000 0.0005
13046079  0  11  1.0000 0.0005  1.0000 0.0005
13044012  0  11  1.0000 0.0005  1.0000 0.0005
13047122  0  11  1.0000 0.0005  1.0000 0.0005
13047123  0  11  1.0000 0.0005  1.0000 0.0005
13047124  0  11  1.0000 0.0005  1.0000 0.0005
13047126  0  11  1.0000 0.0005  1.0000 0.0005
13048009  0  11  1.0000 0.0005  1.0000 0.0005
13048010  0  11  1.0000 0.0005  1.0000 0.0005
13048011  0  11  1.0000 0.0005  1.0000 0.0005
13048012  0  11  1.0000 0.0005  1.0000 0.0005
13048013  0  11  1.0000 0.0005  1.0000 0.0005
13048014  0  11  1.0000 0.0005  1.0000 0.0005
13048015  0  11  1.0000 0.0005  1.0000 0.0005
13048016  0  11  1.0000 0.0005  1.0000 0.0005
13048017  0  11  1.0000 0.0005  1.0000 0.0005
13048018  0  11  1.0000 0.0005  1.0000 0.0005
13048019  0  11  1.0000 0.0005  1.0000 0.0005
13048022  0  11  1.0000 0.0005  1.0000 0.0005
13048023  0  11  1.0000 0.0005  1.0000 0.0005
13048030  0  11  1.0000 0.0005  1.0000 0.0005
13048031  0  11  1.0000 0.0005  1.0000 0.0005
13049004  0  11  1.0000 0.0005  1.0000 0.0005
13049005  0  11  1.0000 0.0005  1.0000 0.0005
13049006  0  11  1.0000 0.0005  1.0000 0.0005
13049025  0  11  1.0000 0.0005  1.0000 0.0005
13049030  0  11  1.0000 0.0005  1.0000 0.0005
13049031  0  11  1.0000 0.0005  1.0000 0.0005
13049032  0  11  1.0000 0.0005  1.0000 0.0005
13049035  0  11  1.0000 0.0005  1.0000 0.0005
13049038  0  11  1.0000 0.0005  1.0000 0.0005
13049039  0  11  1.0000 0.0005  1.0000 0.0005
13049041  0  11  1.0000 0.0005  1.0000 0.0005
13049042  0  11  1.0000 0.0005  1.0000 0.0005
13049044  0  11  1.0000 0.0005  1.0000 0.0005
13049045  0  11  1.0000 0.0005  1.0000 0.0005
13049046  0  11  1.0000 0.0005  1.0000 0.0005
13049047  0  11  1.0000 0.0005  1.0000 0.0005
13049048  0  11  1.0000 0.0005  1.0000 0.0005
13049049  0  11  1.0000 0.0005  1.0000 0.0005
13049050  0  11  1.0000 0.0005  1.0000 0.0005
13049072  0  11  1.0000 0.0005  1.0000 0.0005
13049073  0  11  1.0000 0.0005  1.0000 0.0005
13049080  0  11  1.0000 0.0005  1.0000 0.0005
13049081  0  11  1.0000 0.0005  1.0000 0.0005
13049082  0  11  1.0000 0.0005  1.0000 0.0005
13049086  0  11  1.0000 0.0005  1.0000 0.0005
13049087  0  11  1.0000 0.0005  1.0000 0.0005
13049088  0  11  1.0000 0.0005  1.0000 0.0005
13049093  0  11  1.0000 0.0005  1.0000 0.0005
13049094  0  11  1.0000 0.0005  1.0000 0.0005
13049096  0  11  1.0000 0.0005  1.0000 0.0005
13049098  0  11  1.0000 0.0005  1.0000 0.0005
13049099  0  11  1.0000 0.0005  1.0000 0.0005
13049101  0  11  1.0000 0.0005  1.0000 0.0005
13050001  0  11  1.0000 0.0005  1.0000 0.0005
13050006  0  11  1.0000 0.0005  1.0000 0.0005
13050007  0  11  1.0000 0.0005  1.0000 0.0005
13050009  0  11  1.0000 0.0005  1.0000 0.0005
13050011  0  11  1.0000 0.0005  1.0000 0.0005
13050012  0  11  1.0000 0.0005  1.0000 0.0005
13050014  0  11  1.0000 0.0005  1.0000 0.0005
13050016  0  11  1.0000 0.0005  1.0000 0.0005
13050020  0  11  1.0000 0.0005  1.0000 0.0005
13050022  0  11  1.0000 0.0005  1.0000 0.0005
13050023  0  11  1.0000 0.0005  1.0000 0.0005
13050025  0  11  1.0000 0.0005  1.0000 0.0005
13050026  0  11  1.0000 0.0005  1.0000 0.0005
13050027  0  11  1.0000 0.0005  1.0000 0.0005
13050028  0  11  1.0000 0.0005  1.0000 0.0005
13050029  0  11  1.0000 0.0005  1.0000 0.0005
13050031  0  11  1.0000 0.0005  1.0000 0.0005
13050032  0  11  1.0000 0.0005  1.0000 0.0005
13050033  0  11  1.0000 0.0005  1.0000 0.0005
13050036  0  11  1.0000 0.0005  1.0000 0.0005
13050037  0  11  1.0000 0.0005  1.0000 0.0005
13050038  0  11  1.0000 0.0005  1.0000 0.0005
13050039  0  11  1.0000 0.0005  1.0000 0.0005
13050041  0  11  1.0000 0.0005  1.0000 0.0005
13050042  0  11  1.0000 0.0005  1.0000 0.0005
13050043  0  11  1.0000 0.0005  1.0000 0.0005
13050044  0  11  1.0000 0.0005  1.0000 0.0005
13050046  0  11  1.0000 0.0005  1.0000 0.0005
13050047  0  11  1.0000 0.0005  1.0000 0.0005
13050049  0  11  1.0000 0.0005  1.0000 0.0005
13050050  0  11  1.0000 0.0005  1.0000 0.0005
13051006  0  11  1.0000 0.0005  1.0000 0.0005
13051007  0  11  1.0000 0.0005  1.0000 0.0005
13051008  0  11  1.0000 0.0005  1.0000 0.0005
13051009  0  11  1.0000 0.0005  1.0000 0.0005
13051010  0  11  1.0000 0.0005  1.0000 0.0005
13051011  0  11  1.0000 0.0005  1.0000 0.0005
13051012  0  11  1.0000 0.0005  1.0000 0.0005
13051013  0  11  1.0000 0.0005  1.0000 0.0005
13051015  0  11  1.0000 0.0005  1.0000 0.0005
13051016  0  11  1.0000 0.0005  1.0000 0.0005
13051017  0  11  1.0000 0.0005  1.0000 0.0005
13051019  0  11  1.0000 0.0005  1.0000 0.0005
13051020  0  11  1.0000 0.0005  1.0000 0.0005
13051021  0  11  1.0000 0.0005  1.0000 0.0005
13051022  0  11  1.0000 0.0005  1.0000 0.0005
13051023  0  11  1.0000 0.0005  1.0000 0.0005
13051062  0  11  1.0000 0.0005  1.0000 0.0005
13051068  0  11  1.0000 0.0005  1.0000 0.0005
13052001  0  11  1.0000 0.0005  1.0000 0.0005
13052002  0  11  1.0000 0.0005  1.0000 0.0005
13052003  0  11  1.0000 0.0005  1.0000 0.0005
13052004  0  11  1.0000 0.0005  1.0000 0.0005
13052005  0  11  1.0000 0.0005  1.0000 0.0005
13052009  0  11  1.0000 0.0005  1.0000 0.0005
13052010  0  11  1.0000 0.0005  1.0000 0.0005
13052011  0  11  1.0000 0.0005  1.0000 0.0005
13052012  0  11  1.0000 0.0005  1.0000 0.0005
13052013  0  11  1.0000 0.0005  1.0000 0.0005
13052014  0  11  1.0000 0.0005  1.0000 0.0005
13052015  0  11  1.0000 0.0005  1.0000 0.0005
13052016  0  11  1.0000 0.0005  1.0000 0.0005
13052017  0  11  1.0000 0.0005  1.0000 0.0005
13052018  0  11  1.0000 0.0005  1.0000 0.0005
13052019  0  11  1.0000 0.0005  1.0000 0.0005
13052020  0  11  1.0000 0.0005  1.0000 0.0005
13052021  0  11  1.0000 0.0005  1.0000 0.0005
13052036  0  11  1.0000 0.0005  1.0000 0.0005
13052037  0  11  1.0000 0.0005  1.0000 0.0005
13052039  0  11  1.0000 0.0005  1.0000 0.0005
13052042  0  11  1.0000 0.0005  1.0000 0.0005
13052043  0  11  1.0000 0.0005  1.0000 0.0005
13052045  0  11  1.0000 0.0005  1.0000 0.0005
13052048  0  11  1.0000 0.0005  1.0000 0.0005
13052050  0  11  1.0000 0.0005  1.0000 0.0005
13052051  0  11  1.0000 0.0005  1.0000 0.0005
13052052  0  11  1.0000 0.0005  1.0000 0.0005
13052053  0  11  1.0000 0.0005  1.0000 0.0005
13052056  0  11  1.0000 0.0005  1.0000 0.0005
13052061  0  11  1.0000 0.0005  1.0000 0.0005
13052068  0  11  1.0000 0.0005  1.0000 0.0005
13052067  0  11  1.0000 0.0005  1.0000 0.0005
13052087  0  11  1.0000 0.0005  1.0000 0.0005
13052088  0  11  1.0000 0.0005  1.0000 0.0005
13052091  0  11  1.0000 0.0005  1.0000 0.0005
13052092  0  11  1.0000 0.0005  1.0000 0.0005
13053004  0  11  1.0000 0.0005  1.0000 0.0005
13053005  0  11  1.0000 0.0005  1.0000 0.0005
13053006  0  11  1.0000 0.0005  1.0000 0.0005
13053007  0  11  1.0000 0.0005  1.0000 0.0005
13053010  0  11  1.0000 0.0005  1.0000 0.0005
13053012  0  11  1.0000 0.0005  1.0000 0.0005
13053013  0  11  1.0000 0.0005  1.0000 0.0005
13053015  0  11  1.0000 0.0005  1.0000 0.0005
13053021  0  11  1.0000 0.0005  1.0000 0.0005
13053023  0  11  1.0000 0.0005  1.0000 0.0005
13053025  0  11  1.0000 0.0005  1.0000 0.0005
13053026  0  11  1.0000 0.0005  1.0000 0.0005
13053027  0  11  1.0000 0.0005  1.0000 0.0005
13053028  0  11  1.0000 0.0005  1.0000 0.0005
13054060  0  11  1.0000 0.0005  1.0000 0.0005
13056004  0  11  1.0000 0.0005  1.0000 0.0005
13056005  0  11  1.0000 0.0005  1.0000 0.0005
13056007  0  11  1.0000 0.0005  1.0000 0.0005
13056008  0  11  1.0000 0.0005  1.0000 0.0005
13056011  0  11  1.0000 0.0005  1.0000 0.0005
13056012  0  11  1.0000 0.0005  1.0000 0.0005
13056017  0  11  1.0000 0.0005  1.0000 0.0005
13056020  0  11  1.0000 0.0005  1.0000 0.0005
13056021  0  11  1.0000 0.0005  1.0000 0.0005
13056022  0  11  1.0000 0.0005  1.0000 0.0005
13056023  0  11  1.0000 0.0005  1.0000 0.0005
13056024  0  11  1.0000 0.0005  1.0000 0.0005
13056025  0  11  1.0000 0.0005  1.0000 0.0005
13056026  0  11  1.0000 0.0005  1.0000 0.0005
13056027  0  11  1.0000 0.0005  1.0000 0.0005
13056028  0  11  1.0000 0.0005  1.0000 0.0005
13056029  0  11  1.0000 0.0005  1.0000 0.0005
13056030  0  11  1.0000 0.0005  1.0000 0.0005
13056031  0  11  1.0000 0.0005  1.0000 0.0005
13056032  0  11  1.0000 0.0005  1.0000 0.0005
13056033  0  11  1.0000 0.0005  1.0000 0.0005
13056035  0  11  1.0000 0.0005  1.0000 0.0005
13056037  0  11  1.0000 0.0005  1.0000 0.0005
13056038  0  11  1.0000 0.0005  1.0000 0.0005
13056039  0  11  1.0000 0.0005  1.0000 0.0005
13057005  0  11  1.0000 0.0005  1.0000 0.0005
13057006  0  11  1.0000 0.0005  1.0000 0.0005
13057007  0  11  1.0000 0.0005  1.0000 0.0005
13057008  0  11  1.0000 0.0005  1.0000 0.0005
13057009  0  11  1.0000 0.0005  1.0000 0.0005
13057010  0  11  1.0000 0.0005  1.0000 0.0005
13057011  0  11  1.0000 0.0005  1.0000 0.0005
13057014  0  11  1.0000 0.0005  1.0000 0.0005
13057015  0  11  1.0000 0.0005  1.0000 0.0005
13057016  0  11  1.0000 0.0005  1.0000 0.0005
13057017  0  11  1.0000 0.0005  1.0000 0.0005
13057018  0  11  1.0000 0.0005  1.0000 0.0005
13057019  0  11  1.0000 0.0005  1.0000 0.0005
13057021  0  11  1.0000 0.0005  1.0000 0.0005
13057023  0  11  1.0000 0.0005  1.0000 0.0005
13057024  0  11  1.0000 0.0005  1.0000 0.0005
13057025  0  11  1.0000 0.0005  1.0000 0.0005
13057026  0  11  1.0000 0.0005  1.0000 0.0005
13057027  0  11  1.0000 0.0005  1.0000 0.0005
13057042  0  11  1.0000 0.0005  1.0000 0.0005
13057044  0  11  1.0000 0.0005  1.0000 0.0005
13057045  0  11  1.0000 0.0005  1.0000 0.0005
13057046  0  11  1.0000 0.0005  1.0000 0.0005
13057047  0  11  1.0000 0.0005  1.0000 0.0005
13057048  0  11  1.0000 0.0005  1.0000 0.0005
13057049  0  11  1.0000 0.0005  1.0000 0.0005
13057050  0  11  1.0000 0.0005  1.0000 0.0005
13057051  0  11  1.0000 0.0005  1.0000 0.0005
13057052  0  11  1.0000 0.0005  1.0000 0.0005
13057053  0  11  1.0000 0.0005  1.0000 0.0005
13057055  0  11  1.0000 0.0005  1.0000 0.0005
13057056  0  11  1.0000 0.0005  1.0000 0.0005
13057057  0  11  1.0000 0.0005  1.0000 0.0005
13057058  0  11  1.0000 0.0005  1.0000 0.0005
13058017  0  11  1.0000 0.0005  1.0000 0.0005
13058018  0  11  1.0000 0.0005  1.0000 0.0005
13058019  0  11  1.0000 0.0005  1.0000 0.0005
13058020  0  11  1.0000 0.0005  1.0000 0.0005
13058023  0  11  1.0000 0.0005  1.0000 0.0005
13058026  0  11  1.0000 0.0005  1.0000 0.0005
13058028  0  11  1.0000 0.0005  1.0000 0.0005
13058029  0  11  1.0000 0.0005  1.0000 0.0005
13058031  0  11  1.0000 0.0005  1.0000 0.0005
13058032  0  11  1.0000 0.0005  1.0000 0.0005
13058045  0  11  1.0000 0.0005  1.0000 0.0005
13059002  0  11  1.0000 0.0005  1.0000 0.0005
13059005  0  11  1.0000 0.0005  1.0000 0.0005
13059006  0  11  1.0000 0.0005  1.0000 0.0005
13059007  0  11  1.0000 0.0005  1.0000 0.0005
13059008  0  11  1.0000 0.0005  1.0000 0.0005
13059009  0  11  1.0000 0.0005  1.0000 0.0005
13059010  0  11  1.0000 0.0005  1.0000 0.0005
13059011  0  11  1.0000 0.0005  1.0000 0.0005
13059012  0  11  1.0000 0.0005  1.0000 0.0005
13059013  0  11  1.0000 0.0005  1.0000 0.0005
13059014  0  11  1.0000 0.0005  1.0000 0.0005
13059015  0  11  1.0000 0.0005  1.0000 0.0005
13059016  0  11  1.0000 0.0005  1.0000 0.0005
13059017  0  11  1.0000 0.0005  1.0000 0.0005
13059018  0  11  1.0000 0.0005  1.0000 0.0005
13059020  0  11  1.0000 0.0005  1.0000 0.0005
13059021  0  11  1.0000 0.0005  1.0000 0.0005
13059022  0  11  1.0000 0.0005  1.0000 0.0005
13059023  0  11  1.0000 0.0005  1.0000 0.0005
13059025  0  11  1.0000 0.0005  1.0000 0.0005
13059027  0  11  1.0000 0.0005  1.0000 0.0005
13068015  0  11  1.0000 0.0005  1.0000 0.0005
13068090  0  11  1.0000 0.0005  1.0000 0.0005
13065050  0  11  1.0000 0.0005  1.0000 0.0005
13069036  0  11  1.0000 0.0005  1.0000 0.0005
13069072  0  11  1.0000 0.0005  1.0000 0.0005
13071003  0  11  1.0000 0.0005  1.0000 0.0005
13070060  0  11  1.0000 0.0005  1.0000 0.0005
13072001  0  11  1.0000 0.0005  1.0000 0.0005
13072002  0  11  1.0000 0.0005  1.0000 0.0005
13072003  0  11  1.0000 0.0005  1.0000 0.0005
13071004  0  11  1.0000 0.0005  1.0000 0.0005
13071005  0  11  1.0000 0.0005  1.0000 0.0005
13079006  0  11  1.0000 0.0005  1.0000 0.0005
13083038  0  11  1.0000 0.0005  1.0000 0.0005
13087026  0  11  1.0000 0.0005  1.0000 0.0005
13087038  0  11  1.0000 0.0005  1.0000 0.0005
13087049  0  11  1.0000 0.0005  1.0000 0.0005
13087050  0  11  1.0000 0.0005  1.0000 0.0005
13145014  0  11  1.0000 0.0005  1.0000 0.0005
13144057  0  11  1.0000 0.0005  1.0000 0.0005
13145057  0  11  1.0000 0.0005  1.0000 0.0005
13057028  0  11  1.0000 0.0005  1.0000 0.0005
13058016  0  11  1.0000 0.0005  1.0000 0.0005
13047002  0  11  1.0000 0.0005  1.0000 0.0005
13072004  0  11  1.0000 0.0005  1.0000 0.0005
13072005  0  11  1.0000 0.0005  1.0000 0.0005
13072006  0  11  1.0000 0.0005  1.0000 0.0005
13072007  0  11  1.0000 0.0005  1.0000 0.0005
13059033  0  11  1.0000 0.0005  1.0000 0.0005
13059035  0  11  1.0000 0.0005  1.0000 0.0005
13059037  0  11  1.0000 0.0005  1.0000 0.0005
13059038  0  11  1.0000 0.0005  1.0000 0.0005
13059039  0  11  1.0000 0.0005  1.0000 0.0005
13059074  0  11  1.0000 0.0005  1.0000 0.0005
13059076  0  11  1.0000 0.0005  1.0000 0.0005
13059077  0  11  1.0000 0.0005  1.0000 0.0005
13059078  0  11  1.0000 0.0005  1.0000 0.0005
13059079  0  11  1.0000 0.0005  1.0000 0.0005
13059080  0  11  1.0000 0.0005  1.0000 0.0005
13059082  0  11  1.0000 0.0005  1.0000 0.0005
13059083  0  11  1.0000 0.0005  1.0000 0.0005
13059084  0  11  1.0000 0.0005  1.0000 0.0005
13059085  0  11  1.0000 0.0005  1.0000 0.0005
13059086  0  11  1.0000 0.0005  1.0000 0.0005
13059087  0  11  1.0000 0.0005  1.0000 0.0005
13059089  0  11  1.0000 0.0005  1.0000 0.0005
13058001  0  11  1.0000 0.0005  1.0000 0.0005
13058002  0  11  1.0000 0.0005  1.0000 0.0005
13058003  0  11  1.0000 0.0005  1.0000 0.0005
13058025  0  11  1.0000 0.0005  1.0000 0.0005
13058015  0  11  1.0000 0.0005  1.0000 0.0005
13058007  0  11  1.0000 0.0005  1.0000 0.0005
13058008  0  11  1.0000 0.0005  1.0000 0.0005
13058012  0  11  1.0000 0.0005  1.0000 0.0005
13058013  0  11  1.0000 0.0005  1.0000 0.0005
13058014  0  11  1.0000 0.0005  1.0000 0.0005
13057022  0  11  1.0000 0.0005  1.0000 0.0005
13060001  0  11  1.0000 0.0005  1.0000 0.0005
13060002  0  11  1.0000 0.0005  1.0000 0.0005
13060003  0  11  1.0000 0.0005  1.0000 0.0005
13060005  0  11  1.0000 0.0005  1.0000 0.0005
13060007  0  11  1.0000 0.0005  1.0000 0.0005
13060008  0  11  1.0000 0.0005  1.0000 0.0005
13060009  0  11  1.0000 0.0005  1.0000 0.0005
13060010  0  11  1.0000 0.0005  1.0000 0.0005
13060011  0  11  1.0000 0.0005  1.0000 0.0005
13060012  0  11  1.0000 0.0005  1.0000 0.0005
13061017  0  11  1.0000 0.0005  1.0000 0.0005
13061019  0  11  1.0000 0.0005  1.0000 0.0005
13061024  0  11  1.0000 0.0005  1.0000 0.0005
13061025  0  11  1.0000 0.0005  1.0000 0.0005
13061029  0  11  1.0000 0.0005  1.0000 0.0005
13061030  0  11  1.0000 0.0005  1.0000 0.0005
13061031  0  11  1.0000 0.0005  1.0000 0.0005
13061035  0  11  1.0000 0.0005  1.0000 0.0005
13061053  0  11  1.0000 0.0005  1.0000 0.0005
13061054  0  11  1.0000 0.0005  1.0000 0.0005
13061055  0  11  1.0000 0.0005  1.0000 0.0005
13061056  0  11  1.0000 0.0005  1.0000 0.0005
13061059  0  11  1.0000 0.0005  1.0000 0.0005
13061060  0  11  1.0000 0.0005  1.0000 0.0005
13061061  0  11  1.0000 0.0005  1.0000 0.0005
13062001  0  11  1.0000 0.0005  1.0000 0.0005
13062002  0  11  1.0000 0.0005  1.0000 0.0005
13062004  0  11  1.0000 0.0005  1.0000 0.0005
13062005  0  11  1.0000 0.0005  1.0000 0.0005
13062006  0  11  1.0000 0.0005  1.0000 0.0005
13062007  0  11  1.0000 0.0005  1.0000 0.0005
13062013  0  11  1.0000 0.0005  1.0000 0.0005
13062023  0  11  1.0000 0.0005  1.0000 0.0005
13062025  0  11  1.0000 0.0005  1.0000 0.0005
13062026  0  11  1.0000 0.0005  1.0000 0.0005
13062027  0  11  1.0000 0.0005  1.0000 0.0005
13062028  0  11  1.0000 0.0005  1.0000 0.0005
13062029  0  11  1.0000 0.0005  1.0000 0.0005
13062031  0  11  1.0000 0.0005  1.0000 0.0005
13062036  0  11  1.0000 0.0005  1.0000 0.0005
13062042  0  11  1.0000 0.0005  1.0000 0.0005
13062044  0  11  1.0000 0.0005  1.0000 0.0005
13062045  0  11  1.0000 0.0005  1.0000 0.0005
13062046  0  11  1.0000 0.0005  1.0000 0.0005
13062047  0  11  1.0000 0.0005  1.0000 0.0005
13062049  0  11  1.0000 0.0005  1.0000 0.0005
13062050  0  11  1.0000 0.0005  1.0000 0.0005
13062052  0  11  1.0000 0.0005  1.0000 0.0005
13062053  0  11  1.0000 0.0005  1.0000 0.0005
13062057  0  11  1.0000 0.0005  1.0000 0.0005
13062059  0  11  1.0000 0.0005  1.0000 0.0005
13062060  0  11  1.0000 0.0005  1.0000 0.0005
13062061  0  11  1.0000 0.0005  1.0000 0.0005
13062062  0  11  1.0000 0.0005  1.0000 0.0005
13062063  0  11  1.0000 0.0005  1.0000 0.0005
13048042  0  11  1.0000 0.0005  1.0000 0.0005
13063006  0  11  1.0000 0.0005  1.0000 0.0005
13072009  0  11  1.0000 0.0005  1.0000 0.0005
13048043  0  11  1.0000 0.0005  1.0000 0.0005
13048044  0  11  1.0000 0.0005  1.0000 0.0005
13048045  0  11  1.0000 0.0005  1.0000 0.0005
13048048  0  11  1.0000 0.0005  1.0000 0.0005
13048049  0  11  1.0000 0.0005  1.0000 0.0005
13048050  0  11  1.0000 0.0005  1.0000 0.0005
13048051  0  11  1.0000 0.0005  1.0000 0.0005
13048052  0  11  1.0000 0.0005  1.0000 0.0005
13048053  0  11  1.0000 0.0005  1.0000 0.0005
13048087  0  11  1.0000 0.0005  1.0000 0.0005
13048088  0  11  1.0000 0.0005  1.0000 0.0005
13048089  0  11  1.0000 0.0005  1.0000 0.0005
13048090  0  11  1.0000 0.0005  1.0000 0.0005
13048091  0  11  1.0000 0.0005  1.0000 0.0005
13048092  0  11  1.0000 0.0005  1.0000 0.0005
13049079  0  11  1.0000 0.0005  1.0000 0.0005
13049092  0  11  1.0000 0.0005  1.0000 0.0005
13050002  0  11  1.0000 0.0005  1.0000 0.0005
13050008  0  11  1.0000 0.0005  1.0000 0.0005
13050010  0  11  1.0000 0.0005  1.0000 0.0005
13051014  0  11  1.0000 0.0005  1.0000 0.0005
13051024  0  11  1.0000 0.0005  1.0000 0.0005
13051026  0  11  1.0000 0.0005  1.0000 0.0005
13051028  0  11  1.0000 0.0005  1.0000 0.0005
13051069  0  11  1.0000 0.0005  1.0000 0.0005
13051070  0  11  1.0000 0.0005  1.0000 0.0005
13051071  0  11  1.0000 0.0005  1.0000 0.0005
13051072  0  11  1.0000 0.0005  1.0000 0.0005
13051073  0  11  1.0000 0.0005  1.0000 0.0005
13051074  0  11  1.0000 0.0005  1.0000 0.0005
13051081  0  11  1.0000 0.0005  1.0000 0.0005
13051082  0  11  1.0000 0.0005  1.0000 0.0005
13051083  0  11  1.0000 0.0005  1.0000 0.0005
13051084  0  11  1.0000 0.0005  1.0000 0.0005
13051085  0  11  1.0000 0.0005  1.0000 0.0005
13051086  0  11  1.0000 0.0005  1.0000 0.0005
13051087  0  11  1.0000 0.0005  1.0000 0.0005
13051088  0  11  1.0000 0.0005  1.0000 0.0005
13051091  0  11  1.0000 0.0005  1.0000 0.0005
13051092  0  11  1.0000 0.0005  1.0000 0.0005
13051093  0  11  1.0000 0.0005  1.0000 0.0005
13051095  0  11  1.0000 0.0005  1.0000 0.0005
13051099  0  11  1.0000 0.0005  1.0000 0.0005
13051101  0  11  1.0000 0.0005  1.0000 0.0005
13052008  0  11  1.0000 0.0005  1.0000 0.0005
13052046  0  11  1.0000 0.0005  1.0000 0.0005
13052049  0  11  1.0000 0.0005  1.0000 0.0005
13052060  0  11  1.0000 0.0005  1.0000 0.0005
13052062  0  11  1.0000 0.0005  1.0000 0.0005
13052064  0  11  1.0000 0.0005  1.0000 0.0005
13052085  0  11  1.0000 0.0005  1.0000 0.0005
13053011  0  11  1.0000 0.0005  1.0000 0.0005
13053014  0  11  1.0000 0.0005  1.0000 0.0005
13053022  0  11  1.0000 0.0005  1.0000 0.0005
13053024  0  11  1.0000 0.0005  1.0000 0.0005
13053029  0  11  1.0000 0.0005  1.0000 0.0005
13054004  0  11  1.0000 0.0005  1.0000 0.0005
13054005  0  11  1.0000 0.0005  1.0000 0.0005
13054006  0  11  1.0000 0.0005  1.0000 0.0005
13054007  0  11  1.0000 0.0005  1.0000 0.0005
13054008  0  11  1.0000 0.0005  1.0000 0.0005
13054009  0  11  1.0000 0.0005  1.0000 0.0005
13054010  0  11  1.0000 0.0005  1.0000 0.0005
13054011  0  11  1.0000 0.0005  1.0000 0.0005
13054012  0  11  1.0000 0.0005  1.0000 0.0005
13054013  0  11  1.0000 0.0005  1.0000 0.0005
13054014  0  11  1.0000 0.0005  1.0000 0.0005
13054015  0  11  1.0000 0.0005  1.0000 0.0005
13054016  0  11  1.0000 0.0005  1.0000 0.0005
13054017  0  11  1.0000 0.0005  1.0000 0.0005
13054018  0  11  1.0000 0.0005  1.0000 0.0005
13054019  0  11  1.0000 0.0005  1.0000 0.0005
13054020  0  11  1.0000 0.0005  1.0000 0.0005
13054021  0  11  1.0000 0.0005  1.0000 0.0005
13054023  0  11  1.0000 0.0005  1.0000 0.0005
13054042  0  11  1.0000 0.0005  1.0000 0.0005
13054043  0  11  1.0000 0.0005  1.0000 0.0005
13054044  0  11  1.0000 0.0005  1.0000 0.0005
13054047  0  11  1.0000 0.0005  1.0000 0.0005
13054049  0  11  1.0000 0.0005  1.0000 0.0005
13054050  0  11  1.0000 0.0005  1.0000 0.0005
13054056  0  11  1.0000 0.0005  1.0000 0.0005
13054058  0  11  1.0000 0.0005  1.0000 0.0005
13054061  0  11  1.0000 0.0005  1.0000 0.0005
13054062  0  11  1.0000 0.0005  1.0000 0.0005
13054063  0  11  1.0000 0.0005  1.0000 0.0005
13054064  0  11  1.0000 0.0005  1.0000 0.0005
13054065  0  11  1.0000 0.0005  1.0000 0.0005
13054066  0  11  1.0000 0.0005  1.0000 0.0005
13054068  0  11  1.0000 0.0005  1.0000 0.0005
13054069  0  11  1.0000 0.0005  1.0000 0.0005
13054070  0  11  1.0000 0.0005  1.0000 0.0005
13054071  0  11  1.0000 0.0005  1.0000 0.0005
13054082  0  11  1.0000 0.0005  1.0000 0.0005
13054083  0  11  1.0000 0.0005  1.0000 0.0005
13054084  0  11  1.0000 0.0005  1.0000 0.0005
13054085  0  11  1.0000 0.0005  1.0000 0.0005
13055001  0  11  1.0000 0.0005  1.0000 0.0005
13055002  0  11  1.0000 0.0005  1.0000 0.0005
13055003  0  11  1.0000 0.0005  1.0000 0.0005
13055004  0  11  1.0000 0.0005  1.0000 0.0005
13055006  0  11  1.0000 0.0005  1.0000 0.0005
13055007  0  11  1.0000 0.0005  1.0000 0.0005
13055008  0  11  1.0000 0.0005  1.0000 0.0005
13055009  0  11  1.0000 0.0005  1.0000 0.0005
13055010  0  11  1.0000 0.0005  1.0000 0.0005
13055011  0  11  1.0000 0.0005  1.0000 0.0005
13055014  0  11  1.0000 0.0005  1.0000 0.0005
13055015  0  11  1.0000 0.0005  1.0000 0.0005
13055016  0  11  1.0000 0.0005  1.0000 0.0005
13055017  0  11  1.0000 0.0005  1.0000 0.0005
13055018  0  11  1.0000 0.0005  1.0000 0.0005
13055019  0  11  1.0000 0.0005  1.0000 0.0005
13055020  0  11  1.0000 0.0005  1.0000 0.0005
13055021  0  11  1.0000 0.0005  1.0000 0.0005
13055022  0  11  1.0000 0.0005  1.0000 0.0005
13055023  0  11  1.0000 0.0005  1.0000 0.0005
13055024  0  11  1.0000 0.0005  1.0000 0.0005
13055034  0  11  1.0000 0.0005  1.0000 0.0005
13055035  0  11  1.0000 0.0005  1.0000 0.0005
13055036  0  11  1.0000 0.0005  1.0000 0.0005
13055037  0  11  1.0000 0.0005  1.0000 0.0005
13055038  0  11  1.0000 0.0005  1.0000 0.0005
13055039  0  11  1.0000 0.0005  1.0000 0.0005
13055067  0  11  1.0000 0.0005  1.0000 0.0005
13055068  0  11  1.0000 0.0005  1.0000 0.0005
13055069  0  11  1.0000 0.0005  1.0000 0.0005
13055070  0  11  1.0000 0.0005  1.0000 0.0005
13055071  0  11  1.0000 0.0005  1.0000 0.0005
13055072  0  11  1.0000 0.0005  1.0000 0.0005
13055073  0  11  1.0000 0.0005  1.0000 0.0005
13055075  0  11  1.0000 0.0005  1.0000 0.0005
13055076  0  11  1.0000 0.0005  1.0000 0.0005
13055078  0  11  1.0000 0.0005  1.0000 0.0005
13055079  0  11  1.0000 0.0005  1.0000 0.0005
13055080  0  11  1.0000 0.0005  1.0000 0.0005
13055081  0  11  1.0000 0.0005  1.0000 0.0005
13055082  0  11  1.0000 0.0005  1.0000 0.0005
13055083  0  11  1.0000 0.0005  1.0000 0.0005
13055085  0  11  1.0000 0.0005  1.0000 0.0005
13055086  0  11  1.0000 0.0005  1.0000 0.0005
13055087  0  11  1.0000 0.0005  1.0000 0.0005
13055088  0  11  1.0000 0.0005  1.0000 0.0005
13055089  0  11  1.0000 0.0005  1.0000 0.0005
13055090  0  11  1.0000 0.0005  1.0000 0.0005
13056034  0  11  1.0000 0.0005  1.0000 0.0005
13056048  0  11  1.0000 0.0005  1.0000 0.0005
13056050  0  11  1.0000 0.0005  1.0000 0.0005
13057038  0  11  1.0000 0.0005  1.0000 0.0005
13057043  0  11  1.0000 0.0005  1.0000 0.0005
13059026  0  11  1.0000 0.0005  1.0000 0.0005
13062014  0  11  1.0000 0.0005  1.0000 0.0005
13063008  0  11  1.0000 0.0005  1.0000 0.0005
13063009  0  11  1.0000 0.0005  1.0000 0.0005
13063010  0  11  1.0000 0.0005  1.0000 0.0005
13063011  0  11  1.0000 0.0005  1.0000 0.0005
13063012  0  11  1.0000 0.0005  1.0000 0.0005
13063017  0  11  1.0000 0.0005  1.0000 0.0005
13063019  0  11  1.0000 0.0005  1.0000 0.0005
13063020  0  11  1.0000 0.0005  1.0000 0.0005
13063022  0  11  1.0000 0.0005  1.0000 0.0005
13063023  0  11  1.0000 0.0005  1.0000 0.0005
13063025  0  11  1.0000 0.0005  1.0000 0.0005
13063029  0  11  1.0000 0.0005  1.0000 0.0005
13063030  0  11  1.0000 0.0005  1.0000 0.0005
13063031  0  11  1.0000 0.0005  1.0000 0.0005
13063032  0  11  1.0000 0.0005  1.0000 0.0005
13063034  0  11  1.0000 0.0005  1.0000 0.0005
13063035  0  11  1.0000 0.0005  1.0000 0.0005
13063036  0  11  1.0000 0.0005  1.0000 0.0005
13063051  0  11  1.0000 0.0005  1.0000 0.0005
13063052  0  11  1.0000 0.0005  1.0000 0.0005
13063053  0  11  1.0000 0.0005  1.0000 0.0005
13063054  0  11  1.0000 0.0005  1.0000 0.0005
13063059  0  11  1.0000 0.0005  1.0000 0.0005
13063060  0  11  1.0000 0.0005  1.0000 0.0005
13063061  0  11  1.0000 0.0005  1.0000 0.0005
13063062  0  11  1.0000 0.0005  1.0000 0.0005
13063063  0  11  1.0000 0.0005  1.0000 0.0005
13063064  0  11  1.0000 0.0005  1.0000 0.0005
13063065  0  11  1.0000 0.0005  1.0000 0.0005
13063067  0  11  1.0000 0.0005  1.0000 0.0005
13063068  0  11  1.0000 0.0005  1.0000 0.0005
13063070  0  11  1.0000 0.0005  1.0000 0.0005
13063071  0  11  1.0000 0.0005  1.0000 0.0005
13063072  0  11  1.0000 0.0005  1.0000 0.0005
13063073  0  11  1.0000 0.0005  1.0000 0.0005
13063074  0  11  1.0000 0.0005  1.0000 0.0005
13063076  0  11  1.0000 0.0005  1.0000 0.0005
13064001  0  11  1.0000 0.0005  1.0000 0.0005
13064002  0  11  1.0000 0.0005  1.0000 0.0005
13064003  0  11  1.0000 0.0005  1.0000 0.0005
13064004  0  11  1.0000 0.0005  1.0000 0.0005
13064005  0  11  1.0000 0.0005  1.0000 0.0005
13064006  0  11  1.0000 0.0005  1.0000 0.0005
13064009  0  11  1.0000 0.0005  1.0000 0.0005
13064012  0  11  1.0000 0.0005  1.0000 0.0005
13064014  0  11  1.0000 0.0005  1.0000 0.0005
13064020  0  11  1.0000 0.0005  1.0000 0.0005
13064021  0  11  1.0000 0.0005  1.0000 0.0005
13064022  0  11  1.0000 0.0005  1.0000 0.0005
13064023  0  11  1.0000 0.0005  1.0000 0.0005
13064024  0  11  1.0000 0.0005  1.0000 0.0005
13064025  0  11  1.0000 0.0005  1.0000 0.0005
13064026  0  11  1.0000 0.0005  1.0000 0.0005
13064027  0  11  1.0000 0.0005  1.0000 0.0005
13064028  0  11  1.0000 0.0005  1.0000 0.0005
13064029  0  11  1.0000 0.0005  1.0000 0.0005
13064031  0  11  1.0000 0.0005  1.0000 0.0005
13064032  0  11  1.0000 0.0005  1.0000 0.0005
13065004  0  11  1.0000 0.0005  1.0000 0.0005
13065012  0  11  1.0000 0.0005  1.0000 0.0005
13065025  0  11  1.0000 0.0005  1.0000 0.0005
13065048  0  11  1.0000 0.0005  1.0000 0.0005
13065049  0  11  1.0000 0.0005  1.0000 0.0005
13065052  0  11  1.0000 0.0005  1.0000 0.0005
13065053  0  11  1.0000 0.0005  1.0000 0.0005
13065055  0  11  1.0000 0.0005  1.0000 0.0005
13065056  0  11  1.0000 0.0005  1.0000 0.0005
13065058  0  11  1.0000 0.0005  1.0000 0.0005
13065059  0  11  1.0000 0.0005  1.0000 0.0005
13065060  0  11  1.0000 0.0005  1.0000 0.0005
13066004  0  11  1.0000 0.0005  1.0000 0.0005
13066009  0  11  1.0000 0.0005  1.0000 0.0005
13066012  0  11  1.0000 0.0005  1.0000 0.0005
13066015  0  11  1.0000 0.0005  1.0000 0.0005
13066019  0  11  1.0000 0.0005  1.0000 0.0005
13066021  0  11  1.0000 0.0005  1.0000 0.0005
13066022  0  11  1.0000 0.0005  1.0000 0.0005
13066023  0  11  1.0000 0.0005  1.0000 0.0005
13066024  0  11  1.0000 0.0005  1.0000 0.0005
13066025  0  11  1.0000 0.0005  1.0000 0.0005
13066026  0  11  1.0000 0.0005  1.0000 0.0005
13066027  0  11  1.0000 0.0005  1.0000 0.0005
13066028  0  11  1.0000 0.0005  1.0000 0.0005
13066029  0  11  1.0000 0.0005  1.0000 0.0005
13066030  0  11  1.0000 0.0005  1.0000 0.0005
13066031  0  11  1.0000 0.0005  1.0000 0.0005
13066033  0  11  1.0000 0.0005  1.0000 0.0005
13066034  0  11  1.0000 0.0005  1.0000 0.0005
13066035  0  11  1.0000 0.0005  1.0000 0.0005
13066036  0  11  1.0000 0.0005  1.0000 0.0005
13068057  0  11  1.0000 0.0005  1.0000 0.0005
13068058  0  11  1.0000 0.0005  1.0000 0.0005
13068059  0  11  1.0000 0.0005  1.0000 0.0005
13068060  0  11  1.0000 0.0005  1.0000 0.0005
13068084  0  11  1.0000 0.0005  1.0000 0.0005
13068085  0  11  1.0000 0.0005  1.0000 0.0005
13068086  0  11  1.0000 0.0005  1.0000 0.0005
13068087  0  11  1.0000 0.0005  1.0000 0.0005
13069001  0  11  1.0000 0.0005  1.0000 0.0005
13069002  0  11  1.0000 0.0005  1.0000 0.0005
13069003  0  11  1.0000 0.0005  1.0000 0.0005
13069004  0  11  1.0000 0.0005  1.0000 0.0005
13069005  0  11  1.0000 0.0005  1.0000 0.0005
13069006  0  11  1.0000 0.0005  1.0000 0.0005
13069007  0  11  1.0000 0.0005  1.0000 0.0005
13069008  0  11  1.0000 0.0005  1.0000 0.0005
13069013  0  11  1.0000 0.0005  1.0000 0.0005
13069014  0  11  1.0000 0.0005  1.0000 0.0005
13069016  0  11  1.0000 0.0005  1.0000 0.0005
13069017  0  11  1.0000 0.0005  1.0000 0.0005
13069018  0  11  1.0000 0.0005  1.0000 0.0005
13069020  0  11  1.0000 0.0005  1.0000 0.0005
13069021  0  11  1.0000 0.0005  1.0000 0.0005
13069022  0  11  1.0000 0.0005  1.0000 0.0005
13069023  0  11  1.0000 0.0005  1.0000 0.0005
13069024  0  11  1.0000 0.0005  1.0000 0.0005
13069026  0  11  1.0000 0.0005  1.0000 0.0005
13069027  0  11  1.0000 0.0005  1.0000 0.0005
13069030  0  11  1.0000 0.0005  1.0000 0.0005
13069031  0  11  1.0000 0.0005  1.0000 0.0005
13069035  0  11  1.0000 0.0005  1.0000 0.0005
13070017  0  11  1.0000 0.0005  1.0000 0.0005
13070018  0  11  1.0000 0.0005  1.0000 0.0005
13070020  0  11  1.0000 0.0005  1.0000 0.0005
13070021  0  11  1.0000 0.0005  1.0000 0.0005
13070022  0  11  1.0000 0.0005  1.0000 0.0005
13070024  0  11  1.0000 0.0005  1.0000 0.0005
13070025  0  11  1.0000 0.0005  1.0000 0.0005
13070026  0  11  1.0000 0.0005  1.0000 0.0005
13070027  0  11  1.0000 0.0005  1.0000 0.0005
13070050  0  11  1.0000 0.0005  1.0000 0.0005
13070051  0  11  1.0000 0.0005  1.0000 0.0005
13070052  0  11  1.0000 0.0005  1.0000 0.0005
13070054  0  11  1.0000 0.0005  1.0000 0.0005
13070056  0  11  1.0000 0.0005  1.0000 0.0005
13070058  0  11  1.0000 0.0005  1.0000 0.0005
13070059  0  11  1.0000 0.0005  1.0000 0.0005
13070065  0  11  1.0000 0.0005  1.0000 0.0005
13071008  0  11  1.0000 0.0005  1.0000 0.0005
13071009  0  11  1.0000 0.0005  1.0000 0.0005
13071010  0  11  1.0000 0.0005  1.0000 0.0005
13071011  0  11  1.0000 0.0005  1.0000 0.0005
13071012  0  11  1.0000 0.0005  1.0000 0.0005
13071028  0  11  1.0000 0.0005  1.0000 0.0005
13071029  0  11  1.0000 0.0005  1.0000 0.0005
13071031  0  11  1.0000 0.0005  1.0000 0.0005
13071032  0  11  1.0000 0.0005  1.0000 0.0005
13071033  0  11  1.0000 0.0005  1.0000 0.0005
13071035  0  11  1.0000 0.0005  1.0000 0.0005
13071041  0  11  1.0000 0.0005  1.0000 0.0005
13071042  0  11  1.0000 0.0005  1.0000 0.0005
13071043  0  11  1.0000 0.0005  1.0000 0.0005
13071045  0  11  1.0000 0.0005  1.0000 0.0005
13071046  0  11  1.0000 0.0005  1.0000 0.0005
13071048  0  11  1.0000 0.0005  1.0000 0.0005
13071049  0  11  1.0000 0.0005  1.0000 0.0005
13071050  0  11  1.0000 0.0005  1.0000 0.0005
13071051  0  11  1.0000 0.0005  1.0000 0.0005
13071054  0  11  1.0000 0.0005  1.0000 0.0005
13071055  0  11  1.0000 0.0005  1.0000 0.0005
13071064  0  11  1.0000 0.0005  1.0000 0.0005
13072008  0  11  1.0000 0.0005  1.0000 0.0005
13072010  0  11  1.0000 0.0005  1.0000 0.0005
13072011  0  11  1.0000 0.0005  1.0000 0.0005
13072014  0  11  1.0000 0.0005  1.0000 0.0005
13072015  0  11  1.0000 0.0005  1.0000 0.0005
13072016  0  11  1.0000 0.0005  1.0000 0.0005
13072017  0  11  1.0000 0.0005  1.0000 0.0005
13072018  0  11  1.0000 0.0005  1.0000 0.0005
13072019  0  11  1.0000 0.0005  1.0000 0.0005
13072020  0  11  1.0000 0.0005  1.0000 0.0005
16040065  0  11  1.0000 0.0005  1.0000 0.0005
16041062  0  11  1.0000 0.0005  1.0000 0.0005
16049006  0  11  1.0000 0.0005  1.0000 0.0005
16050060  0  11  1.0000 0.0005  1.0000 0.0005
16050061  0  11  1.0000 0.0005  1.0000 0.0005
16050062  0  11  1.0000 0.0005  1.0000 0.0005
16050069  0  11  1.0000 0.0005  1.0000 0.0005
16051090  0  11  1.0000 0.0005  1.0000 0.0005
16053025  0  11  1.0000 0.0005  1.0000 0.0005
16054088  0  11  1.0000 0.0005  1.0000 0.0005
16056005  0  11  1.0000 0.0005  1.0000 0.0005
16056006  0  11  1.0000 0.0005  1.0000 0.0005
16059046  0  11  1.0000 0.0005  1.0000 0.0005
16059049  0  11  1.0000 0.0005  1.0000 0.0005
16061069  0  11  1.0000 0.0005  1.0000 0.0005
16063106  0  11  1.0000 0.0005  1.0000 0.0005
16066001  0  11  1.0000 0.0005  1.0000 0.0005
16066027  0  11  1.0000 0.0005  1.0000 0.0005
16066026  0  11  1.0000 0.0005  1.0000 0.0005
16066021  0  11  1.0000 0.0005  1.0000 0.0005
16068021  0  11  1.0000 0.0005  1.0000 0.0005
16068022  0  11  1.0000 0.0005  1.0000 0.0005
16068023  0  11  1.0000 0.0005  1.0000 0.0005
16070009  0  11  1.0000 0.0005  1.0000 0.0005
16070010  0  11  1.0000 0.0005  1.0000 0.0005
16070008  0  11  1.0000 0.0005  1.0000 0.0005
16073024  0  11  1.0000 0.0005  1.0000 0.0005
16073025  0  11  1.0000 0.0005  1.0000 0.0005
16070004  0  11  1.0000 0.0005  1.0000 0.0005
16070005  0  11  1.0000 0.0005  1.0000 0.0005
16070006  0  11  1.0000 0.0005  1.0000 0.0005
16070012  0  11  1.0000 0.0005  1.0000 0.0005
16073013  0  11  1.0000 0.0005  1.0000 0.0005
16073039  0  11  1.0000 0.0005  1.0000 0.0005
16070013  0  11  1.0000 0.0005  1.0000 0.0005
16070039  0  11  1.0000 0.0005  1.0000 0.0005
16071001  0  11  1.0000 0.0005  1.0000 0.0005
16071002  0  11  1.0000 0.0005  1.0000 0.0005
16071006  0  11  1.0000 0.0005  1.0000 0.0005
16071007  0  11  1.0000 0.0005  1.0000 0.0005
16071010  0  11  1.0000 0.0005  1.0000 0.0005
16071016  0  11  1.0000 0.0005  1.0000 0.0005
16071018  0  11  1.0000 0.0005  1.0000 0.0005
16071021  0  11  1.0000 0.0005  1.0000 0.0005
16071022  0  11  1.0000 0.0005  1.0000 0.0005
16071023  0  11  1.0000 0.0005  1.0000 0.0005
16071024  0  11  1.0000 0.0005  1.0000 0.0005
16071025  0  11  1.0000 0.0005  1.0000 0.0005
16071026  0  11  1.0000 0.0005  1.0000 0.0005
16071027  0  11  1.0000 0.0005  1.0000 0.0005
16071044  0  11  1.0000 0.0005  1.0000 0.0005
16071045  0  11  1.0000 0.0005  1.0000 0.0005
16071046  0  11  1.0000 0.0005  1.0000 0.0005
16071048  0  11  1.0000 0.0005  1.0000 0.0005
16071050  0  11  1.0000 0.0005  1.0000 0.0005
16071051  0  11  1.0000 0.0005  1.0000 0.0005
16071052  0  11  1.0000 0.0005  1.0000 0.0005
16071053  0  11  1.0000 0.0005  1.0000 0.0005
16071054  0  11  1.0000 0.0005  1.0000 0.0005
16071055  0  11  1.0000 0.0005  1.0000 0.0005
16071056  0  11  1.0000 0.0005  1.0000 0.0005
16071058  0  11  1.0000 0.0005  1.0000 0.0005
16071059  0  11  1.0000 0.0005  1.0000 0.0005
16071060  0  11  1.0000 0.0005  1.0000 0.0005
16071061  0  11  1.0000 0.0005  1.0000 0.0005
16071076  0  11  1.0000 0.0005  1.0000 0.0005
16071077  0  11  1.0000 0.0005  1.0000 0.0005
16071078  0  11  1.0000 0.0005  1.0000 0.0005
16071079  0  11  1.0000 0.0005  1.0000 0.0005
16080002  0  11  1.0000 0.0005  1.0000 0.0005
16080003  0  11  1.0000 0.0005  1.0000 0.0005
16077020  0  11  1.0000 0.0005  1.0000 0.0005
16077027  0  11  1.0000 0.0005  1.0000 0.0005
16077028  0  11  1.0000 0.0005  1.0000 0.0005
16083056  0  11  1.0000 0.0005  1.0000 0.0005
16083057  0  11  1.0000 0.0005  1.0000 0.0005
16083058  0  11  1.0000 0.0005  1.0000 0.0005
16083059  0  11  1.0000 0.0005  1.0000 0.0005
16083060  0  11  1.0000 0.0005  1.0000 0.0005
16085001  0  11  1.0000 0.0005  1.0000 0.0005
16085002  0  11  1.0000 0.0005  1.0000 0.0005
16085010  0  11  1.0000 0.0005  1.0000 0.0005
16085011  0  11  1.0000 0.0005  1.0000 0.0005
16085013  0  11  1.0000 0.0005  1.0000 0.0005
16085005  0  11  1.0000 0.0005  1.0000 0.0005
16085006  0  11  1.0000 0.0005  1.0000 0.0005
16085007  0  11  1.0000 0.0005  1.0000 0.0005
16085009  0  11  1.0000 0.0005  1.0000 0.0005
16085008  0  11  1.0000 0.0005  1.0000 0.0005
16077029  0  11  1.0000 0.0005  1.0000 0.0005
16077030  0  11  1.0000 0.0005  1.0000 0.0005
16077031  0  11  1.0000 0.0005  1.0000 0.0005
16077032  0  11  1.0000 0.0005  1.0000 0.0005
16077033  0  11  1.0000 0.0005  1.0000 0.0005
16077034  0  11  1.0000 0.0005  1.0000 0.0005
16077035  0  11  1.0000 0.0005  1.0000 0.0005
16077036  0  11  1.0000 0.0005  1.0000 0.0005
16077037  0  11  1.0000 0.0005  1.0000 0.0005
16077038  0  11  1.0000 0.0005  1.0000 0.0005
16068024  0  11  1.0000 0.0005  1.0000 0.0005
16068025  0  11  1.0000 0.0005  1.0000 0.0005
16068028  0  11  1.0000 0.0005  1.0000 0.0005
16066033  0  11  1.0000 0.0005  1.0000 0.0005
16066035  0  11  1.0000 0.0005  1.0000 0.0005
16066046  0  11  1.0000 0.0005  1.0000 0.0005
16066047  0  11  1.0000 0.0005  1.0000 0.0005
16066049  0  11  1.0000 0.0005  1.0000 0.0005
16066050  0  11  1.0000 0.0005  1.0000 0.0005
16077039  0  11  1.0000 0.0005  1.0000 0.0005
16077040  0  11  1.0000 0.0005  1.0000 0.0005
16077041  0  11  1.0000 0.0005  1.0000 0.0005
16077043  0  11  1.0000 0.0005  1.0000 0.0005
16077044  0  11  1.0000 0.0005  1.0000 0.0005
16078004  0  11  1.0000 0.0005  1.0000 0.0005
16078005  0  11  1.0000 0.0005  1.0000 0.0005
16078006  0  11  1.0000 0.0005  1.0000 0.0005
16078007  0  11  1.0000 0.0005  1.0000 0.0005
16078008  0  11  1.0000 0.0005  1.0000 0.0005
16078001  0  11  1.0000 0.0005  1.0000 0.0005
16078002  0  11  1.0000 0.0005  1.0000 0.0005
16078003  0  11  1.0000 0.0005  1.0000 0.0005
16077045  0  11  1.0000 0.0005  1.0000 0.0005
16077046  0  11  1.0000 0.0005  1.0000 0.0005
16077047  0  11  1.0000 0.0005  1.0000 0.0005
16077048  0  11  1.0000 0.0005  1.0000 0.0005
16077054  0  11  1.0000 0.0005  1.0000 0.0005
16077019  0  11  1.0000 0.0005  1.0000 0.0005
16077021  0  11  1.0000 0.0005  1.0000 0.0005
16077055  0  11  1.0000 0.0005  1.0000 0.0005
16078013  0  11  1.0000 0.0005  1.0000 0.0005
16078014  0  11  1.0000 0.0005  1.0000 0.0005
16078027  0  11  1.0000 0.0005  1.0000 0.0005
16078028  0  11  1.0000 0.0005  1.0000 0.0005
16078009  0  11  1.0000 0.0005  1.0000 0.0005
16078011  0  11  1.0000 0.0005  1.0000 0.0005
16078012  0  11  1.0000 0.0005  1.0000 0.0005
16079002  0  11  1.0000 0.0005  1.0000 0.0005
16079011  0  11  1.0000 0.0005  1.0000 0.0005
16079013  0  11  1.0000 0.0005  1.0000 0.0005
16079014  0  11  1.0000 0.0005  1.0000 0.0005
16079015  0  11  1.0000 0.0005  1.0000 0.0005
16079016  0  11  1.0000 0.0005  1.0000 0.0005
16079017  0  11  1.0000 0.0005  1.0000 0.0005
16079018  0  11  1.0000 0.0005  1.0000 0.0005
16079019  0  11  1.0000 0.0005  1.0000 0.0005
16079020  0  11  1.0000 0.0005  1.0000 0.0005
16079021  0  11  1.0000 0.0005  1.0000 0.0005
16079022  0  11  1.0000 0.0005  1.0000 0.0005
16079023  0  11  1.0000 0.0005  1.0000 0.0005
16079024  0  11  1.0000 0.0005  1.0000 0.0005
16079027  0  11  1.0000 0.0005  1.0000 0.0005
16079028  0  11  1.0000 0.0005  1.0000 0.0005
16079029  0  11  1.0000 0.0005  1.0000 0.0005
16079030  0  11  1.0000 0.0005  1.0000 0.0005
16079031  0  11  1.0000 0.0005  1.0000 0.0005
16079032  0  11  1.0000 0.0005  1.0000 0.0005
16079033  0  11  1.0000 0.0005  1.0000 0.0005
16079034  0  11  1.0000 0.0005  1.0000 0.0005
16079035  0  11  1.0000 0.0005  1.0000 0.0005
16079036  0  11  1.0000 0.0005  1.0000 0.0005
16079038  0  11  1.0000 0.0005  1.0000 0.0005
16079045  0  11  1.0000 0.0005  1.0000 0.0005
16079046  0  11  1.0000 0.0005  1.0000 0.0005
16079047  0  11  1.0000 0.0005  1.0000 0.0005
16079054  0  11  1.0000 0.0005  1.0000 0.0005
16079057  0  11  1.0000 0.0005  1.0000 0.0005
16079058  0  11  1.0000 0.0005  1.0000 0.0005
16079059  0  11  1.0000 0.0005  1.0000 0.0005
16079060  0  11  1.0000 0.0005  1.0000 0.0005
16079001  0  11  1.0000 0.0005  1.0000 0.0005
16079010  0  11  1.0000 0.0005  1.0000 0.0005
16081001  0  11  1.0000 0.0005  1.0000 0.0005
16081002  0  11  1.0000 0.0005  1.0000 0.0005
16081003  0  11  1.0000 0.0005  1.0000 0.0005
16081004  0  11  1.0000 0.0005  1.0000 0.0005
16081012  0  11  1.0000 0.0005  1.0000 0.0005
16081013  0  11  1.0000 0.0005  1.0000 0.0005
16081015  0  11  1.0000 0.0005  1.0000 0.0005
16081016  0  11  1.0000 0.0005  1.0000 0.0005
16081017  0  11  1.0000 0.0005  1.0000 0.0005
16081018  0  11  1.0000 0.0005  1.0000 0.0005
16081019  0  11  1.0000 0.0005  1.0000 0.0005
16081020  0  11  1.0000 0.0005  1.0000 0.0005
16081021  0  11  1.0000 0.0005  1.0000 0.0005
16081022  0  11  1.0000 0.0005  1.0000 0.0005
16081023  0  11  1.0000 0.0005  1.0000 0.0005
16081024  0  11  1.0000 0.0005  1.0000 0.0005
16081025  0  11  1.0000 0.0005  1.0000 0.0005
16081027  0  11  1.0000 0.0005  1.0000 0.0005
16081036  0  11  1.0000 0.0005  1.0000 0.0005
16081037  0  11  1.0000 0.0005  1.0000 0.0005
16081048  0  11  1.0000 0.0005  1.0000 0.0005
16081049  0  11  1.0000 0.0005  1.0000 0.0005
16081050  0  11  1.0000 0.0005  1.0000 0.0005
16081052  0  11  1.0000 0.0005  1.0000 0.0005
16081053  0  11  1.0000 0.0005  1.0000 0.0005
16081054  0  11  1.0000 0.0005  1.0000 0.0005
16081055  0  11  1.0000 0.0005  1.0000 0.0005
16081056  0  11  1.0000 0.0005  1.0000 0.0005
16081057  0  11  1.0000 0.0005  1.0000 0.0005
16081058  0  11  1.0000 0.0005  1.0000 0.0005
16081059  0  11  1.0000 0.0005  1.0000 0.0005
16081060  0  11  1.0000 0.0005  1.0000 0.0005
16081061  0  11  1.0000 0.0005  1.0000 0.0005
16080001  0  11  1.0000 0.0005  1.0000 0.0005
16080004  0  11  1.0000 0.0005  1.0000 0.0005
16080005  0  11  1.0000 0.0005  1.0000 0.0005
16080006  0  11  1.0000 0.0005  1.0000 0.0005
16080007  0  11  1.0000 0.0005  1.0000 0.0005
16080012  0  11  1.0000 0.0005  1.0000 0.0005
16080013  0  11  1.0000 0.0005  1.0000 0.0005
16080014  0  11  1.0000 0.0005  1.0000 0.0005
16080023  0  11  1.0000 0.0005  1.0000 0.0005
16080024  0  11  1.0000 0.0005  1.0000 0.0005
16080025  0  11  1.0000 0.0005  1.0000 0.0005
16080026  0  11  1.0000 0.0005  1.0000 0.0005
16083004  0  11  1.0000 0.0005  1.0000 0.0005
16083005  0  11  1.0000 0.0005  1.0000 0.0005
16083006  0  11  1.0000 0.0005  1.0000 0.0005
16083007  0  11  1.0000 0.0005  1.0000 0.0005
16083008  0  11  1.0000 0.0005  1.0000 0.0005
16083009  0  11  1.0000 0.0005  1.0000 0.0005
16083010  0  11  1.0000 0.0005  1.0000 0.0005
16083011  0  11  1.0000 0.0005  1.0000 0.0005
16083012  0  11  1.0000 0.0005  1.0000 0.0005
16083013  0  11  1.0000 0.0005  1.0000 0.0005
16083014  0  11  1.0000 0.0005  1.0000 0.0005
16083015  0  11  1.0000 0.0005  1.0000 0.0005
16083016  0  11  1.0000 0.0005  1.0000 0.0005
16083017  0  11  1.0000 0.0005  1.0000 0.0005
16083018  0  11  1.0000 0.0005  1.0000 0.0005
16083019  0  11  1.0000 0.0005  1.0000 0.0005
16083022  0  11  1.0000 0.0005  1.0000 0.0005
16083041  0  11  1.0000 0.0005  1.0000 0.0005
16083042  0  11  1.0000 0.0005  1.0000 0.0005
16083043  0  11  1.0000 0.0005  1.0000 0.0005
16083044  0  11  1.0000 0.0005  1.0000 0.0005
16083045  0  11  1.0000 0.0005  1.0000 0.0005
16083046  0  11  1.0000 0.0005  1.0000 0.0005
16083048  0  11  1.0000 0.0005  1.0000 0.0005
16083049  0  11  1.0000 0.0005  1.0000 0.0005
16083050  0  11  1.0000 0.0005  1.0000 0.0005
16083052  0  11  1.0000 0.0005  1.0000 0.0005
16083053  0  11  1.0000 0.0005  1.0000 0.0005
16083054  0  11  1.0000 0.0005  1.0000 0.0005
16083055  0  11  1.0000 0.0005  1.0000 0.0005
16083061  0  11  1.0000 0.0005  1.0000 0.0005
16083069  0  11  1.0000 0.0005  1.0000 0.0005
16080027  0  11  1.0000 0.0005  1.0000 0.0005
16080028  0  11  1.0000 0.0005  1.0000 0.0005
16080029  0  11  1.0000 0.0005  1.0000 0.0005
16080030  0  11  1.0000 0.0005  1.0000 0.0005
16080031  0  11  1.0000 0.0005  1.0000 0.0005
16080032  0  11  1.0000 0.0005  1.0000 0.0005
16080033  0  11  1.0000 0.0005  1.0000 0.0005
16080035  0  11  1.0000 0.0005  1.0000 0.0005
16080043  0  11  1.0000 0.0005  1.0000 0.0005
16080044  0  11  1.0000 0.0005  1.0000 0.0005
16080045  0  11  1.0000 0.0005  1.0000 0.0005
16080046  0  11  1.0000 0.0005  1.0000 0.0005
16080047  0  11  1.0000 0.0005  1.0000 0.0005
16080048  0  11  1.0000 0.0005  1.0000 0.0005
16080049  0  11  1.0000 0.0005  1.0000 0.0005
16080050  0  11  1.0000 0.0005  1.0000 0.0005
16080051  0  11  1.0000 0.0005  1.0000 0.0005
16080052  0  11  1.0000 0.0005  1.0000 0.0005
16080053  0  11  1.0000 0.0005  1.0000 0.0005
16080054  0  11  1.0000 0.0005  1.0000 0.0005
16080055  0  11  1.0000 0.0005  1.0000 0.0005
16092031  0  11  1.0000 0.0005  1.0000 0.0005
16092033  0  11  1.0000 0.0005  1.0000 0.0005
16092034  0  11  1.0000 0.0005  1.0000 0.0005
16092035  0  11  1.0000 0.0005  1.0000 0.0005
16092036  0  11  1.0000 0.0005  1.0000 0.0005
16108001  0  11  1.0000 0.0005  1.0000 0.0005
16108002  0  11  1.0000 0.0005  1.0000 0.0005
16108003  0  11  1.0000 0.0005  1.0000 0.0005
16108004  0  11  1.0000 0.0005  1.0000 0.0005
16113017  0  11  1.0000 0.0005  1.0000 0.0005
16113018  0  11  1.0000 0.0005  1.0000 0.0005
16113019  0  11  1.0000 0.0005  1.0000 0.0005
16113020  0  11  1.0000 0.0005  1.0000 0.0005
16126007  0  11  1.0000 0.0005  1.0000 0.0005
16130001  0  11  1.0000 0.0005  1.0000 0.0005
-1  0  11  1.0000 0.0005  1.0000 0.0005
